0.1	1.73833e-15
0.104713	1.66578e-15
0.109648	1.36634e-14
0.114815	4.73762e-14
0.120226	1.15178e-13
0.125893	2.309e-13
0.131826	4.10041e-13
0.138038	6.68785e-13
0.144544	1.02658e-12
0.151356	1.50252e-12
0.158489	2.12005e-12
0.165959	2.90458e-12
0.17378	3.88238e-12
0.18197	5.08546e-12
0.190546	6.54575e-12
0.199526	8.3017e-12
0.20893	1.03946e-11
0.218776	1.28692e-11
0.229087	1.57762e-11
0.239883	1.91713e-11
0.251189	2.31156e-11
0.263027	2.76769e-11
0.275423	3.293e-11
0.288403	3.89574e-11
0.301995	4.58502e-11
0.316228	5.37087e-11
0.331131	6.26436e-11
0.346737	7.27775e-11
0.363078	8.42441e-11
0.380189	9.71926e-11
0.398107	1.11786e-10
0.416869	1.28204e-10
0.436516	1.46646e-10
0.457088	1.67328e-10
0.47863	1.90494e-10
0.501187	2.16405e-10
0.524807	2.45352e-10
0.549541	2.77661e-10
0.57544	3.13676e-10
0.60256	3.5379e-10
0.630957	3.9843e-10
0.660693	4.48056e-10
0.691831	5.03198e-10
0.724436	5.64408e-10
0.758578	6.3231e-10
0.794328	7.07601e-10
0.831764	7.91008e-10
0.870964	8.83378e-10
0.912011	9.85606e-10
0.954993	1.09866e-09
1	1.2237e-09
1.04713	1.36185e-09
1.09648	1.51443e-09
1.14815	1.68293e-09
1.20226	1.86885e-09
1.25893	2.07397e-09
1.31826	2.30018e-09
1.38038	2.54943e-09
1.44544	2.82416e-09
1.51356	3.12672e-09
1.58489	3.45967e-09
1.65959	3.82628e-09
1.7378	4.22946e-09
1.8197	4.67251e-09
1.90546	5.15979e-09
1.99526	5.69481e-09
2.0893	6.2818e-09
2.18776	6.92638e-09
2.29087	7.63281e-09
2.39883	8.40623e-09
2.51189	9.25365e-09
2.63027	1.01803e-08
2.75423	1.11919e-08
2.88403	1.22968e-08
3.01995	1.35012e-08
3.16228	1.4811e-08
3.31131	1.62349e-08
3.46737	1.77804e-08
3.63078	1.94519e-08
3.80189	2.12573e-08
3.98107	2.32046e-08
4.16869	2.52936e-08
4.36516	2.75325e-08
4.57088	2.99231e-08
4.7863	3.24587e-08
5.01187	3.51526e-08
5.24807	3.49366e-08
5.49541	3.7676e-08
5.7544	4.05316e-08
6.0256	4.34981e-08
6.30957	4.65465e-08
6.60693	4.96815e-08
6.91831	5.28657e-08
7.24436	5.60768e-08
7.58578	5.46455e-08
7.94328	5.76287e-08
8.31764	6.05762e-08
8.70964	6.34667e-08
9.12011	6.62771e-08
9.54993	6.36418e-08
10	6.60528e-08
10.4713	6.83408e-08
10.9648	7.05043e-08
11.4815	6.69087e-08
12.0226	6.8668e-08
12.5893	7.0279e-08
13.1826	7.17442e-08
13.8038	6.74261e-08
14.4544	6.8524e-08
15.1356	6.94784e-08
15.8489	6.47924e-08
16.5959	6.54551e-08
17.378	6.59974e-08
18.197	6.64474e-08
19.0546	6.14485e-08
19.9526	6.16614e-08
20.893	6.18041e-08
21.8776	5.68507e-08
22.9087	5.68343e-08
23.9883	5.67671e-08
25.1189	5.66156e-08
26.3027	5.17242e-08
27.5423	5.14882e-08
28.8403	5.12059e-08
30.1995	4.65573e-08
31.6228	4.6236e-08
33.1131	4.58858e-08
34.6737	4.55054e-08
36.3078	4.1196e-08
38.0189	4.08011e-08
39.8107	4.03862e-08
41.6869	3.63976e-08
43.6516	3.59782e-08
45.7088	3.55532e-08
47.863	3.51189e-08
50.1187	3.15353e-08
52.4807	3.11233e-08
54.9541	3.07086e-08
57.544	3.02898e-08
60.256	2.71163e-08
63.0957	2.67309e-08
66.0693	2.63456e-08
69.1831	2.59432e-08
72.4436	2.31381e-08
75.8578	2.27708e-08
79.4328	2.24097e-08
83.1764	2.2052e-08
87.0964	1.96154e-08
91.2011	1.92976e-08
95.4993	1.89828e-08
100	1.86726e-08
104.713	1.65733e-08
109.648	1.62934e-08
114.815	1.60165e-08
120.226	1.41711e-08
125.893	1.39149e-08
131.826	1.36657e-08
138.038	1.34227e-08
144.544	1.1857e-08
151.356	1.16412e-08
158.489	1.14319e-08
165.959	1.12259e-08
173.78	1.10245e-08
181.97	9.71765e-09
190.546	9.54202e-09
199.526	9.3696e-09
208.93	9.19165e-09
218.776	8.07803e-09
229.087	7.92193e-09
239.883	7.77095e-09
251.189	7.62492e-09
263.027	6.69249e-09
275.423	6.56644e-09
288.403	6.44398e-09
301.995	6.32385e-09
316.228	5.54309e-09
331.131	5.4382e-09
346.737	5.33662e-09
363.078	5.23639e-09
380.189	4.57447e-09
398.107	4.48353e-09
416.869	4.39479e-09
436.516	4.30989e-09
457.088	3.76481e-09
478.63	3.69112e-09
501.187	3.62058e-09
524.807	3.5514e-09
549.541	3.098e-09
575.44	3.03837e-09
602.56	2.98063e-09
630.957	2.92486e-09
660.693	2.86964e-09
691.831	2.49366e-09
724.436	2.44319e-09
758.578	2.39419e-09
794.328	2.34743e-09
831.764	2.04083e-09
870.964	2.00097e-09
912.011	1.96294e-09
954.993	1.9255e-09
1000	1.67233e-09
1047.13	1.64004e-09
1096.48	1.60884e-09
1148.15	1.57866e-09
1202.26	1.36855e-09
1258.93	1.33939e-09
1318.26	1.3123e-09
1380.38	1.28608e-09
1445.44	1.26115e-09
1513.56	1.09189e-09
1584.89	1.07051e-09
1659.59	1.05018e-09
1737.8	1.03013e-09
1819.7	8.9088e-10
1905.46	8.73842e-10
1995.26	8.57428e-10
2089.3	8.41583e-10
2187.76	7.26747e-10
2290.87	7.11117e-10
2398.83	6.96661e-10
2511.89	6.82688e-10
2630.27	5.88739e-10
2754.23	5.77284e-10
2884.03	5.66098e-10
3019.95	5.55489e-10
3162.28	5.45027e-10
3311.31	4.69579e-10
3467.37	4.60645e-10
3630.78	4.52014e-10
3801.89	4.43744e-10
3981.07	3.81806e-10
4168.69	3.73518e-10
4365.16	3.6597e-10
4570.88	3.58659e-10
4786.3	3.0818e-10
5011.87	3.02253e-10
5248.07	2.96392e-10
5495.41	2.90863e-10
5754.4	2.49755e-10
6025.6	2.45007e-10
6309.57	2.40426e-10
6606.93	2.35963e-10
6918.31	2.02521e-10
7244.36	1.98722e-10
7585.78	1.94427e-10
7943.28	1.90495e-10
8317.64	1.86665e-10
8709.64	1.59831e-10
9120.11	1.56802e-10
9549.93	1.53799e-10
10000	1.50959e-10
10471.3	1.29215e-10
10964.8	1.26794e-10
11481.5	1.24438e-10
12022.6	1.22145e-10
12589.3	1.04497e-10
13182.6	1.02565e-10
13803.8	1.00393e-10
14454.4	9.83846e-11
15135.6	8.39312e-11
15848.9	8.23031e-11
16595.9	8.07529e-11
17378	7.92211e-11
18197	6.76243e-11
19054.6	6.63687e-11
19952.6	6.51452e-11
20893	6.39596e-11
21877.6	6.28011e-11
22908.7	5.35792e-11
23988.3	5.26082e-11
25118.9	5.15214e-11
26302.7	5.04851e-11
27542.3	4.2947e-11
28840.3	4.21136e-11
30199.5	4.13311e-11
31622.8	4.05713e-11
33113.1	3.45387e-11
34673.7	3.39141e-11
36307.8	3.3294e-11
38018.9	3.26962e-11
39810.7	2.78188e-11
41686.9	2.73207e-11
43651.6	2.68441e-11
45708.8	2.63287e-11
47863	2.233e-11
50118.7	2.18866e-11
52480.7	2.14622e-11
54954.1	2.10641e-11
57544	1.78975e-11
60256	1.75637e-11
63095.7	1.72517e-11
66069.3	1.69446e-11
69183.1	1.43936e-11
72443.6	1.41365e-11
75857.8	1.38856e-11
79432.8	1.36502e-11
83176.4	1.15863e-11
87096.4	1.1339e-11
91201.1	1.11166e-11
95499.3	1.09014e-11
100000	9.24401e-12
104713	1.70584e-13
109648	1.64629e-13
114815	1.58967e-13
120226	1.32523e-13
125893	1.2797e-13
131826	1.23596e-13
138038	1.19405e-13
144544	9.9541e-14
151356	9.61886e-14
158489	9.27046e-14
165959	8.93667e-14
173780	7.4285e-14
181970	7.16704e-14
190546	6.92049e-14
199526	6.6863e-14
208930	5.56443e-14
218776	5.37854e-14
229087	5.19782e-14
239883	5.0244e-14
251189	4.18138e-14
263027	4.04137e-14
275423	3.90987e-14
288403	3.78148e-14
301995	3.13502e-14
316228	3.02553e-14
331131	2.92001e-14
346737	2.42768e-14
363078	2.34668e-14
380189	2.2683e-14
398107	2.19289e-14
416869	1.82483e-14
436516	1.76517e-14
457088	1.70816e-14
478630	1.6528e-14
501187	1.37468e-14
524807	1.33119e-14
549541	1.28857e-14
575440	1.06756e-14
602560	1.03157e-14
630957	9.96867e-15
660693	9.6466e-15
691831	8.02125e-15
724436	7.76374e-15
758578	7.51556e-15
794328	7.28252e-15
831764	6.05561e-15
870964	5.86875e-15
912011	5.68763e-15
954993	4.73001e-15
1e+06	4.58852e-15
