0.1	1.98924e-17
0.104713	1.94449e-17
0.109648	1.6024e-16
0.114815	5.66369e-16
0.120226	1.38102e-15
0.125893	2.77951e-15
0.131826	5.02014e-15
0.138038	8.21623e-15
0.144544	1.28133e-14
0.151356	1.88061e-14
0.158489	2.66319e-14
0.165959	3.69664e-14
0.17378	4.95494e-14
0.18197	6.56737e-14
0.190546	8.46939e-14
0.199526	1.07699e-13
0.20893	1.36053e-13
0.218776	1.68739e-13
0.229087	2.08447e-13
0.239883	2.53538e-13
0.251189	3.06169e-13
0.263027	3.6847e-13
0.275423	4.38762e-13
0.288403	5.21223e-13
0.301995	6.13579e-13
0.316228	7.19219e-13
0.331131	8.40851e-13
0.346737	9.77088e-13
0.363078	1.13299e-12
0.380189	1.30703e-12
0.398107	1.50356e-12
0.416869	1.72572e-12
0.436516	1.97396e-12
0.457088	2.25346e-12
0.47863	2.56522e-12
0.501187	2.91422e-12
0.524807	3.30456e-12
0.549541	3.73963e-12
0.57544	4.22504e-12
0.60256	4.76526e-12
0.630957	5.36654e-12
0.660693	6.03515e-12
0.691831	6.7779e-12
0.724436	7.6025e-12
0.758578	8.51739e-12
0.794328	9.53172e-12
0.831764	1.06557e-11
0.870964	1.19004e-11
0.912011	1.32781e-11
0.954993	1.48024e-11
1	1.64879e-11
1.04713	1.83509e-11
1.09648	2.04093e-11
1.14815	2.26825e-11
1.20226	2.51924e-11
1.25893	2.79624e-11
1.31826	3.10184e-11
1.38038	3.43892e-11
1.44544	3.81058e-11
1.51356	4.2203e-11
1.58489	4.67182e-11
1.65959	5.16927e-11
1.7378	5.71729e-11
1.8197	6.32077e-11
1.90546	6.98527e-11
1.99526	7.71682e-11
2.0893	8.52191e-11
2.18776	9.40807e-11
2.29087	1.0383e-10
2.39883	1.14556e-10
2.51189	1.26355e-10
2.63027	1.39331e-10
2.75423	1.53602e-10
2.88403	1.69294e-10
3.01995	1.86544e-10
3.16228	2.05513e-10
3.31131	2.26361e-10
3.46737	2.49276e-10
3.63078	2.74465e-10
3.80189	3.02141e-10
3.98107	3.32559e-10
4.16869	3.65983e-10
4.36516	4.02696e-10
4.57088	4.43049e-10
4.7863	4.87373e-10
5.01187	5.36048e-10
5.24807	5.89546e-10
5.49541	6.4829e-10
5.7544	7.1279e-10
6.0256	7.83666e-10
6.30957	8.61467e-10
6.60693	9.46867e-10
6.91831	1.04069e-09
7.24436	1.14364e-09
7.58578	1.25657e-09
7.94328	1.38062e-09
8.31764	1.51665e-09
8.70964	1.66575e-09
9.12011	1.82937e-09
9.54993	2.00868e-09
10	2.205e-09
10.4713	2.42002e-09
10.9648	2.65544e-09
11.4815	2.9127e-09
12.0226	3.19359e-09
12.5893	3.50064e-09
13.1826	3.83517e-09
13.8038	4.19905e-09
14.4544	4.59507e-09
15.1356	5.0248e-09
15.8489	5.48962e-09
16.5959	5.9923e-09
17.378	6.53414e-09
18.197	7.11528e-09
19.0546	7.73913e-09
19.9526	8.40376e-09
20.893	9.11045e-09
21.8776	9.85803e-09
22.9087	9.77691e-09
23.9883	1.05345e-08
25.1189	1.1325e-08
26.3027	1.21422e-08
27.5423	1.29848e-08
28.8403	1.38474e-08
30.1995	1.47233e-08
31.6228	1.43039e-08
33.1131	1.51119e-08
34.6737	1.59158e-08
36.3078	1.67101e-08
38.0189	1.74892e-08
39.8107	1.66842e-08
41.6869	1.73544e-08
43.6516	1.79976e-08
45.7088	1.86116e-08
47.863	1.75137e-08
50.1187	1.80083e-08
52.4807	1.8468e-08
54.9541	1.88887e-08
57.544	1.75448e-08
60.256	1.78636e-08
63.0957	1.81526e-08
66.0693	1.67142e-08
69.1831	1.69151e-08
72.4436	1.70919e-08
75.8578	1.72426e-08
79.4328	1.57371e-08
83.1764	1.58289e-08
87.0964	1.58944e-08
91.2011	1.44082e-08
95.4993	1.44275e-08
100	1.44318e-08
104.713	1.30142e-08
109.648	1.29926e-08
114.815	1.29623e-08
120.226	1.29215e-08
125.893	1.15946e-08
131.826	1.15374e-08
138.038	1.14723e-08
144.544	1.1392e-08
151.356	1.01654e-08
158.489	1.00834e-08
165.959	9.99938e-09
173.78	8.89571e-09
181.97	8.81136e-09
190.546	8.7259e-09
199.526	8.63833e-09
208.93	7.6597e-09
218.776	7.5769e-09
229.087	7.49299e-09
239.883	7.40141e-09
251.189	6.53633e-09
263.027	6.45053e-09
275.423	6.36627e-09
288.403	5.61252e-09
301.995	5.53627e-09
316.228	5.46267e-09
331.131	5.38868e-09
346.737	4.74088e-09
363.078	4.6735e-09
380.189	4.60757e-09
398.107	4.54164e-09
416.869	3.98048e-09
436.516	3.91756e-09
457.088	3.85557e-09
478.63	3.79606e-09
501.187	3.32418e-09
524.807	3.2713e-09
549.541	3.22049e-09
575.44	3.16995e-09
602.56	2.77098e-09
630.957	2.72669e-09
660.693	2.68382e-09
691.831	2.64156e-09
724.436	2.30214e-09
758.578	2.26164e-09
794.328	2.22211e-09
831.764	2.18416e-09
870.964	1.90213e-09
912.011	1.86953e-09
954.993	1.83826e-09
1000	1.80769e-09
1047.13	1.5723e-09
1096.48	1.54555e-09
1148.15	1.51941e-09
1202.26	1.49426e-09
1258.93	1.46914e-09
1318.26	1.2724e-09
1380.38	1.24916e-09
1445.44	1.2265e-09
1513.56	1.20501e-09
1584.89	1.04439e-09
1659.59	1.0258e-09
1737.8	1.00813e-09
1819.7	9.90632e-10
1905.46	8.57475e-10
1995.26	8.425e-10
2089.3	8.28065e-10
2187.76	8.1408e-10
2290.87	7.03228e-10
2398.83	6.89391e-10
2511.89	6.7638e-10
2630.27	6.63825e-10
2754.23	5.72843e-10
2884.03	5.62526e-10
3019.95	5.52407e-10
3162.28	5.4283e-10
3311.31	4.68056e-10
3467.37	4.5975e-10
3630.78	4.5157e-10
3801.89	4.43724e-10
3981.07	4.3609e-10
4168.69	3.74907e-10
4365.16	3.67543e-10
4570.88	3.60535e-10
4786.3	3.53813e-10
5011.87	3.04156e-10
5248.07	2.98632e-10
5495.41	2.93186e-10
5754.4	2.88042e-10
6025.6	2.47384e-10
6309.57	2.42978e-10
6606.93	2.38664e-10
6918.31	2.34536e-10
7244.36	2.0131e-10
7585.78	1.97455e-10
7943.28	1.93501e-10
8317.64	1.89755e-10
8709.64	1.62468e-10
9120.11	1.59448e-10
9549.93	1.5657e-10
10000	1.53724e-10
10471.3	1.31682e-10
10964.8	1.29299e-10
11481.5	1.27e-10
12022.6	1.24733e-10
12589.3	1.22563e-10
13182.6	1.04853e-10
13803.8	1.02891e-10
14454.4	1.00793e-10
15135.6	9.88505e-11
15848.9	8.43691e-11
16595.9	8.28135e-11
17378	8.13153e-11
18197	7.98323e-11
19054.6	6.81701e-11
19952.6	6.69404e-11
20893	6.57593e-11
21877.6	6.46021e-11
22908.7	5.51193e-11
23988.3	5.4173e-11
25118.9	5.32222e-11
26302.7	5.2091e-11
27542.3	4.43233e-11
28840.3	4.34606e-11
30199.5	4.26643e-11
31622.8	4.19035e-11
33113.1	3.56768e-11
34673.7	3.50456e-11
36307.8	3.44245e-11
38018.9	3.38191e-11
39810.7	2.87854e-11
41686.9	2.82735e-11
43651.6	2.77955e-11
45708.8	2.73176e-11
47863	2.31581e-11
50118.7	2.2708e-11
52480.7	2.22682e-11
54954.1	2.18609e-11
57544	2.14744e-11
60256	1.82395e-11
63095.7	1.79147e-11
66069.3	1.76056e-11
69183.1	1.73017e-11
72443.6	1.46958e-11
75857.8	1.44399e-11
79432.8	1.4198e-11
83176.4	1.39587e-11
87096.4	1.18158e-11
91201.1	1.15848e-11
95499.3	1.13627e-11
100000	1.11544e-11
104713	2.98441e-13
109648	2.88195e-13
114815	2.78263e-13
120226	2.68923e-13
125893	2.24124e-13
131826	2.16539e-13
138038	2.09217e-13
144544	1.74377e-13
151356	1.68605e-13
158489	1.62957e-13
165959	1.56841e-13
173780	1.30395e-13
181970	1.25783e-13
190546	1.21471e-13
199526	1.17379e-13
208930	9.76846e-14
218776	9.44151e-14
229087	9.12697e-14
239883	8.82478e-14
251189	7.34548e-14
263027	7.10167e-14
275423	6.87027e-14
288403	6.64625e-14
301995	5.51595e-14
316228	5.32306e-14
331131	5.13794e-14
346737	4.96354e-14
363078	4.12758e-14
380189	3.9915e-14
398107	3.85894e-14
416869	3.21083e-14
436516	3.10639e-14
457088	3.00602e-14
478630	2.90967e-14
501187	2.41978e-14
524807	2.34399e-14
549541	2.26949e-14
575440	2.19043e-14
602560	1.8182e-14
630957	1.75715e-14
660693	1.6998e-14
691831	1.41317e-14
724436	1.36844e-14
758578	1.32479e-14
794328	1.28366e-14
831764	1.06743e-14
870964	1.03444e-14
912011	1.00274e-14
954993	8.34003e-15
1e+06	8.08966e-15
