0.1	5.21022e-13
0.104713	4.97633e-13
0.109648	4.07763e-12
0.114815	1.41029e-11
0.120226	3.4276e-11
0.125893	6.86763e-11
0.131826	1.21811e-10
0.138038	1.9865e-10
0.144544	3.04685e-10
0.151356	4.46004e-10
0.158489	6.29305e-10
0.165959	8.62036e-10
0.17378	1.15241e-09
0.18197	1.50947e-09
0.190546	1.94338e-09
0.199526	2.46513e-09
0.20893	3.087e-09
0.218776	3.8227e-09
0.229087	4.68695e-09
0.239883	5.69652e-09
0.251189	6.86957e-09
0.263027	8.22578e-09
0.275423	9.78812e-09
0.288403	1.15802e-08
0.301995	1.36284e-08
0.316228	1.59637e-08
0.331131	1.86162e-08
0.346737	2.16213e-08
0.363078	2.50192e-08
0.380189	2.88485e-08
0.398107	3.31553e-08
0.416869	3.79908e-08
0.436516	4.34025e-08
0.457088	4.94492e-08
0.47863	5.61933e-08
0.501187	6.36894e-08
0.524807	7.20099e-08
0.549541	8.12248e-08
0.57544	9.13897e-08
0.60256	1.0259e-07
0.630957	1.14889e-07
0.660693	1.28329e-07
0.691831	1.43015e-07
0.724436	1.58951e-07
0.758578	1.76188e-07
0.794328	1.94768e-07
0.831764	2.14639e-07
0.870964	2.16053e-07
0.912011	2.36576e-07
0.954993	2.58249e-07
1	2.80827e-07
1.04713	3.043e-07
1.09648	3.2845e-07
1.14815	3.53048e-07
1.20226	3.77911e-07
1.25893	3.69015e-07
1.31826	3.9171e-07
1.38038	4.14016e-07
1.44544	4.35722e-07
1.51356	4.56628e-07
1.58489	4.36668e-07
1.65959	4.53995e-07
1.7378	4.70142e-07
1.8197	4.84991e-07
1.90546	4.57176e-07
1.99526	4.68499e-07
2.0893	4.78478e-07
2.18776	4.87085e-07
2.29087	4.53926e-07
2.39883	4.598e-07
2.51189	4.64465e-07
2.63027	4.29948e-07
2.75423	4.32479e-07
2.88403	4.34022e-07
3.01995	4.34757e-07
3.16228	3.99793e-07
3.31131	3.99206e-07
3.46737	3.98015e-07
3.63078	3.64726e-07
3.80189	3.62654e-07
3.98107	3.6014e-07
4.16869	3.29102e-07
4.36516	3.26204e-07
4.57088	3.22986e-07
4.7863	3.19541e-07
5.01187	2.91172e-07
5.24807	2.87555e-07
5.49541	2.83824e-07
5.7544	2.58298e-07
6.0256	2.54653e-07
6.30957	2.50909e-07
6.60693	2.4706e-07
6.91831	2.24414e-07
7.24436	2.20742e-07
7.58578	2.17046e-07
7.94328	1.96815e-07
8.31764	1.93414e-07
8.70964	1.89986e-07
9.12011	1.8656e-07
9.54993	1.68967e-07
10	1.65824e-07
10.4713	1.62682e-07
10.9648	1.59517e-07
11.4815	1.44146e-07
12.0226	1.41328e-07
12.5893	1.38533e-07
13.1826	1.35761e-07
13.8038	1.22411e-07
14.4544	1.19919e-07
15.1356	1.17466e-07
15.8489	1.15043e-07
16.5959	1.03579e-07
17.378	1.01428e-07
18.197	9.93086e-08
19.0546	9.71916e-08
19.9526	8.72812e-08
20.893	8.54089e-08
21.8776	8.35716e-08
22.9087	8.17691e-08
23.9883	7.32719e-08
25.1189	7.16936e-08
26.3027	7.01511e-08
27.5423	6.86394e-08
28.8403	6.14013e-08
30.1995	6.00618e-08
31.6228	5.87506e-08
33.1131	5.74387e-08
34.6737	5.12494e-08
36.3078	5.01164e-08
38.0189	4.9011e-08
39.8107	4.79318e-08
41.6869	4.26834e-08
43.6516	4.1737e-08
45.7088	4.08144e-08
47.863	3.99138e-08
50.1187	3.54883e-08
52.4807	3.4708e-08
54.9541	3.39461e-08
57.544	3.32024e-08
60.256	2.94365e-08
63.0957	2.87707e-08
66.0693	2.81237e-08
69.1831	2.74951e-08
72.4436	2.43427e-08
75.8578	2.38007e-08
79.4328	2.32766e-08
83.1764	2.27659e-08
87.0964	2.22684e-08
91.2011	1.96858e-08
95.4993	1.92517e-08
100	1.88286e-08
104.713	1.84076e-08
109.648	1.62276e-08
114.815	1.58628e-08
120.226	1.55089e-08
125.893	1.51667e-08
131.826	1.3356e-08
138.038	1.30588e-08
144.544	1.27725e-08
151.356	1.24929e-08
158.489	1.09865e-08
165.959	1.07458e-08
173.78	1.05131e-08
181.97	1.02866e-08
190.546	1.00575e-08
199.526	8.82034e-09
208.93	8.62193e-09
218.776	8.4301e-09
229.087	8.24541e-09
239.883	7.22464e-09
251.189	7.06657e-09
263.027	6.9148e-09
275.423	6.76651e-09
288.403	5.92282e-09
301.995	5.79468e-09
316.228	5.67077e-09
331.131	5.5502e-09
346.737	4.84636e-09
363.078	4.73667e-09
380.189	4.63163e-09
398.107	4.53028e-09
416.869	4.43306e-09
436.516	3.86745e-09
457.088	3.78378e-09
478.63	3.70375e-09
501.187	3.62526e-09
524.807	3.15912e-09
549.541	3.09219e-09
575.44	3.02772e-09
602.56	2.9651e-09
630.957	2.57851e-09
660.693	2.52046e-09
691.831	2.46502e-09
724.436	2.41155e-09
758.578	2.36043e-09
794.328	2.05071e-09
831.764	2.00727e-09
870.964	1.96592e-09
912.011	1.92527e-09
954.993	1.67113e-09
1000	1.63626e-09
1047.13	1.60266e-09
1096.48	1.57019e-09
1148.15	1.36041e-09
1202.26	1.32967e-09
1258.93	1.30095e-09
1318.26	1.27319e-09
1380.38	1.24678e-09
1445.44	1.07905e-09
1513.56	1.05649e-09
1584.89	1.03503e-09
1659.59	1.01396e-09
1737.8	8.76628e-10
1819.7	8.58796e-10
1905.46	8.41545e-10
1995.26	8.25009e-10
2089.3	7.12492e-10
2187.76	6.96335e-10
2290.87	6.814e-10
2398.83	6.66916e-10
2511.89	5.75057e-10
2630.27	5.6325e-10
2754.23	5.51712e-10
2884.03	5.40749e-10
3019.95	5.30011e-10
3162.28	4.56584e-10
3311.31	4.47444e-10
3467.37	4.38553e-10
3630.78	4.30096e-10
3801.89	3.70081e-10
3981.07	3.61839e-10
4168.69	3.54205e-10
4365.16	3.4678e-10
4570.88	2.97954e-10
4786.3	2.91952e-10
5011.87	2.86032e-10
5248.07	2.80386e-10
5495.41	2.40787e-10
5754.4	2.3599e-10
6025.6	2.31371e-10
6309.57	2.26885e-10
6606.93	2.22608e-10
6918.31	1.90935e-10
7244.36	1.86764e-10
7585.78	1.82843e-10
7943.28	1.79021e-10
8317.64	1.53271e-10
8709.64	1.50224e-10
9120.11	1.47262e-10
9549.93	1.44388e-10
10000	1.23637e-10
10471.3	1.21225e-10
10964.8	1.18892e-10
11481.5	1.16602e-10
12022.6	9.9752e-11
12589.3	9.7843e-11
13182.6	9.57938e-11
13803.8	9.37891e-11
14454.4	9.18599e-11
15135.6	7.84035e-11
15848.9	7.68642e-11
16595.9	7.53785e-11
17378	7.39134e-11
18197	6.31066e-11
19054.6	6.18911e-11
19952.6	6.07285e-11
20893	5.95848e-11
21877.6	5.08359e-11
22908.7	4.98985e-11
23988.3	4.89242e-11
25118.9	4.78653e-11
26302.7	4.07305e-11
27542.3	3.9901e-11
28840.3	3.91304e-11
30199.5	3.83913e-11
31622.8	3.26863e-11
33113.1	3.20753e-11
34673.7	3.14732e-11
36307.8	3.08878e-11
38018.9	2.629e-11
39810.7	2.57971e-11
41686.9	2.5336e-11
43651.6	2.48748e-11
45708.8	2.10883e-11
47863	2.06601e-11
50118.7	2.02428e-11
52480.7	1.98556e-11
54954.1	1.68759e-11
57544	1.65524e-11
60256	1.62448e-11
63095.7	1.59497e-11
66069.3	1.56607e-11
69183.1	1.33016e-11
72443.6	1.30585e-11
75857.8	1.28286e-11
79432.8	1.2601e-11
83176.4	1.06682e-11
87096.4	1.04534e-11
91201.1	1.02462e-11
95499.3	1.00512e-11
100000	8.52472e-12
104713	7.87607e-14
109648	7.59916e-14
114815	7.33877e-14
120226	6.11677e-14
125893	5.90587e-14
131826	5.7026e-14
138038	4.75323e-14
144544	4.59253e-14
151356	4.43551e-14
158489	4.26742e-14
165959	3.54849e-14
173780	3.42083e-14
181970	3.30176e-14
190546	3.18882e-14
199526	2.65418e-14
208930	2.56355e-14
218776	2.47665e-14
229087	2.39308e-14
239883	1.99212e-14
251189	1.92467e-14
263027	1.86088e-14
275423	1.79931e-14
288403	1.49399e-14
301995	1.44096e-14
316228	1.39016e-14
331131	1.34223e-14
346737	1.1163e-14
363078	1.07891e-14
380189	1.04262e-14
398107	8.67635e-15
416869	8.3894e-15
436516	8.11372e-15
457088	7.84905e-15
478630	6.52817e-15
501187	6.31944e-15
524807	6.11578e-15
549541	5.90258e-15
575440	4.90068e-15
602560	4.73383e-15
630957	4.57679e-15
660693	3.80548e-15
691831	3.68304e-15
724436	3.56399e-15
758578	3.45182e-15
794328	2.87097e-15
831764	2.78086e-15
870964	2.69422e-15
912011	2.24106e-15
954993	2.17252e-15
1e+06	2.10652e-15
