0.1	1.41362e-12
0.104713	1.35039e-12
0.109648	1.10663e-11
0.114815	3.82763e-11
0.120226	9.30282e-11
0.125893	1.86395e-10
0.131826	3.30599e-10
0.138038	5.39113e-10
0.144544	8.2687e-10
0.151356	1.21035e-09
0.158489	1.70768e-09
0.165959	2.33919e-09
0.17378	3.12693e-09
0.18197	4.09542e-09
0.190546	5.27217e-09
0.199526	6.68659e-09
0.20893	8.37188e-09
0.218776	1.03648e-08
0.229087	1.27041e-08
0.239883	1.54347e-08
0.251189	1.86045e-08
0.263027	2.2264e-08
0.275423	2.64729e-08
0.288403	3.12921e-08
0.301995	3.67849e-08
0.316228	4.30293e-08
0.331131	5.00983e-08
0.346737	5.80671e-08
0.363078	6.7034e-08
0.380189	7.70774e-08
0.398107	8.8277e-08
0.416869	1.00754e-07
0.436516	1.14565e-07
0.457088	1.29795e-07
0.47863	1.4655e-07
0.501187	1.64835e-07
0.524807	1.84765e-07
0.549541	2.06292e-07
0.57544	2.29469e-07
0.60256	2.54195e-07
0.630957	2.80481e-07
0.660693	2.81439e-07
0.691831	3.07829e-07
0.724436	3.35109e-07
0.758578	3.63079e-07
0.794328	3.91611e-07
0.831764	4.20358e-07
0.870964	4.49024e-07
0.912011	4.35969e-07
0.954993	4.61262e-07
1	4.8575e-07
1.04713	5.09203e-07
1.09648	4.85627e-07
1.14815	5.04722e-07
1.20226	5.22592e-07
1.25893	5.39009e-07
1.31826	5.06387e-07
1.38038	5.18553e-07
1.44544	5.29493e-07
1.51356	4.92991e-07
1.58489	5.00386e-07
1.65959	5.06678e-07
1.7378	5.11727e-07
1.8197	4.71861e-07
1.90546	4.74554e-07
1.99526	4.7623e-07
2.0893	4.36708e-07
2.18776	4.36807e-07
2.29087	4.36099e-07
2.39883	3.98128e-07
2.51189	3.96412e-07
2.63027	3.94099e-07
2.75423	3.58461e-07
2.88403	3.55609e-07
3.01995	3.52332e-07
3.16228	3.48688e-07
3.31131	3.15991e-07
3.46737	3.12189e-07
3.63078	3.08131e-07
3.80189	2.78578e-07
3.98107	2.7461e-07
4.16869	2.70469e-07
4.36516	2.66185e-07
4.57088	2.40065e-07
4.7863	2.36005e-07
5.01187	2.31856e-07
5.24807	2.08748e-07
5.49541	2.04892e-07
5.7544	2.01005e-07
6.0256	1.97083e-07
6.30957	1.77145e-07
6.60693	1.7354e-07
6.91831	1.69951e-07
7.24436	1.66361e-07
7.58578	1.49326e-07
7.94328	1.46066e-07
8.31764	1.42839e-07
8.70964	1.39642e-07
9.12011	1.25208e-07
9.54993	1.22325e-07
10	1.1947e-07
10.4713	1.16651e-07
10.9648	1.04504e-07
11.4815	1.02002e-07
12.0226	9.95315e-08
12.5893	9.70954e-08
13.1826	8.69149e-08
13.8038	8.47493e-08
14.4544	8.263e-08
15.1356	8.05456e-08
15.8489	7.20649e-08
16.5959	7.02252e-08
17.378	6.84188e-08
18.197	6.66459e-08
19.0546	5.96002e-08
19.9526	5.80448e-08
20.893	5.65202e-08
21.8776	5.50264e-08
22.9087	4.91925e-08
23.9883	4.78831e-08
25.1189	4.66016e-08
26.3027	4.5348e-08
27.5423	4.05309e-08
28.8403	3.9436e-08
30.1995	3.83658e-08
31.6228	3.732e-08
33.1131	3.33475e-08
34.6737	3.24347e-08
36.3078	3.15435e-08
38.0189	3.06735e-08
39.8107	2.73982e-08
41.6869	2.66405e-08
43.6516	2.59012e-08
45.7088	2.51802e-08
47.863	2.24863e-08
50.1187	2.18584e-08
52.4807	2.12466e-08
54.9541	2.06502e-08
57.544	2.00691e-08
60.256	1.79157e-08
63.0957	1.74107e-08
66.0693	1.69187e-08
69.1831	1.64395e-08
72.4436	1.46672e-08
75.8578	1.42511e-08
79.4328	1.3846e-08
83.1764	1.34517e-08
87.0964	1.19981e-08
91.2011	1.16549e-08
95.4993	1.13217e-08
100	1.09976e-08
104.713	9.80546e-09
109.648	9.52433e-09
114.815	9.25107e-09
120.226	8.98527e-09
125.893	8.72678e-09
131.826	7.77578e-09
138.038	7.55127e-09
144.544	7.33298e-09
151.356	7.12121e-09
158.489	6.34358e-09
165.959	6.16036e-09
173.78	5.98226e-09
181.97	5.80916e-09
190.546	5.17309e-09
199.526	5.02291e-09
208.93	4.87697e-09
218.776	4.73517e-09
229.087	4.5974e-09
239.883	4.09145e-09
251.189	3.97267e-09
263.027	3.85726e-09
275.423	3.74515e-09
288.403	3.33224e-09
301.995	3.2351e-09
316.228	3.14074e-09
331.131	3.04911e-09
346.737	2.71185e-09
363.078	2.63269e-09
380.189	2.55594e-09
398.107	2.4815e-09
416.869	2.40922e-09
436.516	2.14154e-09
457.088	2.07897e-09
478.63	2.01822e-09
501.187	1.95924e-09
524.807	1.74109e-09
549.541	1.69024e-09
575.44	1.64087e-09
602.56	1.59295e-09
630.957	1.4152e-09
660.693	1.37382e-09
691.831	1.33364e-09
724.436	1.29466e-09
758.578	1.14949e-09
794.328	1.11584e-09
831.764	1.08325e-09
870.964	1.05162e-09
912.011	1.02092e-09
954.993	9.06194e-10
1000	8.79681e-10
1047.13	8.53976e-10
1096.48	8.29032e-10
1148.15	7.35576e-10
1202.26	7.14079e-10
1258.93	6.93242e-10
1318.26	6.73025e-10
1380.38	5.96876e-10
1445.44	5.79409e-10
1513.56	5.62463e-10
1584.89	5.46029e-10
1659.59	5.30107e-10
1737.8	4.69948e-10
1819.7	4.56253e-10
1905.46	4.42967e-10
1995.26	4.30079e-10
2089.3	3.81123e-10
2187.76	3.69987e-10
2290.87	3.59187e-10
2398.83	3.48711e-10
2511.89	3.08846e-10
2630.27	2.99834e-10
2754.23	2.91116e-10
2884.03	2.8266e-10
3019.95	2.50301e-10
3162.28	2.43002e-10
3311.31	2.35922e-10
3467.37	2.29055e-10
3630.78	2.22395e-10
3801.89	1.96793e-10
3981.07	1.91064e-10
4168.69	1.85521e-10
4365.16	1.80147e-10
4570.88	1.59357e-10
4786.3	1.5472e-10
5011.87	1.50224e-10
5248.07	1.45864e-10
5495.41	1.28973e-10
5754.4	1.25216e-10
6025.6	1.21588e-10
6309.57	1.18069e-10
6606.93	1.1466e-10
6918.31	1.01324e-10
7244.36	9.83825e-11
7585.78	9.55308e-11
7943.28	9.27657e-11
8317.64	8.19333e-11
8709.64	7.9558e-11
9120.11	7.7259e-11
9549.93	7.50299e-11
10000	6.62451e-11
10471.3	6.43264e-11
10964.8	6.24658e-11
11481.5	6.06614e-11
12022.6	5.35295e-11
12589.3	5.19754e-11
13182.6	5.04749e-11
13803.8	4.90199e-11
14454.4	4.32393e-11
15135.6	4.19859e-11
15848.9	4.07712e-11
16595.9	3.95943e-11
17378	3.84534e-11
18197	3.38948e-11
19054.6	3.2916e-11
19952.6	3.19693e-11
20893	3.10513e-11
21877.6	2.73581e-11
22908.7	2.65673e-11
23988.3	2.57999e-11
25118.9	2.50562e-11
26302.7	2.20631e-11
27542.3	2.14233e-11
28840.3	2.08068e-11
30199.5	2.02093e-11
31622.8	1.77886e-11
33113.1	1.72749e-11
34673.7	1.67767e-11
36307.8	1.62936e-11
38018.9	1.43342e-11
39810.7	1.39191e-11
41686.9	1.35184e-11
43651.6	1.31305e-11
45708.8	1.15464e-11
47863	1.12121e-11
50118.7	1.08879e-11
52480.7	1.05739e-11
54954.1	9.2937e-12
57544	9.02399e-12
60256	8.76371e-12
63095.7	8.51249e-12
66069.3	7.47972e-12
69183.1	7.26374e-12
72443.6	7.05439e-12
75857.8	6.85153e-12
79432.8	6.01709e-12
83176.4	5.84215e-12
87096.4	5.67294e-12
91201.1	5.50984e-12
95499.3	4.83737e-12
100000	4.69767e-12
104713	3.61042e-14
109648	3.44703e-14
114815	2.97385e-14
120226	2.83875e-14
125893	2.71004e-14
131826	2.58784e-14
138038	2.23226e-14
144544	2.13134e-14
151356	2.03498e-14
158489	1.94306e-14
165959	1.67525e-14
173780	1.59925e-14
181970	1.52692e-14
190546	1.4583e-14
199526	1.25727e-14
208930	1.20071e-14
218776	1.14674e-14
229087	1.09529e-14
239883	9.4405e-15
251189	9.01556e-15
263027	8.61083e-15
275423	8.22605e-15
288403	7.08945e-15
301995	6.77193e-15
316228	6.46888e-15
331131	6.18016e-15
346737	5.32558e-15
363078	5.08756e-15
380189	4.86058e-15
398107	4.18975e-15
416869	4.00358e-15
436516	3.82613e-15
457088	3.65695e-15
478630	3.15196e-15
501187	3.01242e-15
524807	2.87921e-15
549541	2.75198e-15
575440	2.37209e-15
602560	2.26773e-15
630957	2.16833e-15
660693	1.86955e-15
691831	1.7876e-15
724436	1.70942e-15
758578	1.63506e-15
794328	1.40976e-15
831764	1.34872e-15
870964	1.29054e-15
912011	1.11336e-15
954993	1.06536e-15
1e+06	1.01954e-15
