0.1	2.91557e-17
0.104713	2.89407e-17
0.109648	2.46902e-16
0.114815	8.90337e-16
0.120226	2.24579e-15
0.125893	4.68872e-15
0.131826	8.62075e-15
0.138038	1.45686e-14
0.144544	2.3244e-14
0.151356	3.52091e-14
0.158489	5.16325e-14
0.165959	7.30741e-14
0.17378	1.00895e-13
0.18197	1.37026e-13
0.190546	1.8187e-13
0.199526	2.38906e-13
0.20893	3.07817e-13
0.218776	3.9205e-13
0.229087	4.96216e-13
0.239883	6.18929e-13
0.251189	7.69283e-13
0.263027	9.43114e-13
0.275423	1.14864e-12
0.288403	1.39519e-12
0.301995	1.67646e-12
0.316228	2.01243e-12
0.331131	2.38993e-12
0.346737	2.82649e-12
0.363078	3.33766e-12
0.380189	3.90921e-12
0.398107	4.57725e-12
0.416869	5.31499e-12
0.436516	6.15449e-12
0.457088	7.11705e-12
0.47863	8.18155e-12
0.501187	9.40154e-12
0.524807	1.07383e-11
0.549541	1.22412e-11
0.57544	1.39354e-11
0.60256	1.58009e-11
0.630957	1.79044e-11
0.660693	2.0207e-11
0.691831	2.27734e-11
0.724436	2.5633e-11
0.758578	2.87807e-11
0.794328	3.22893e-11
0.831764	3.61401e-11
0.870964	4.04084e-11
0.912011	4.51343e-11
0.954993	5.03418e-11
1	5.61077e-11
1.04713	6.2455e-11
1.09648	6.94676e-11
1.14815	7.72093e-11
1.20226	8.57445e-11
1.25893	9.51601e-11
1.31826	1.05543e-10
1.38038	1.16987e-10
1.44544	1.296e-10
1.51356	1.43497e-10
1.58489	1.58804e-10
1.65959	1.75661e-10
1.7378	1.9422e-10
1.8197	2.14645e-10
1.90546	2.37125e-10
1.99526	2.61852e-10
2.0893	2.8905e-10
2.18776	3.1896e-10
2.29087	3.51837e-10
2.39883	3.87979e-10
2.51189	4.27695e-10
2.63027	4.71316e-10
2.75423	5.19253e-10
2.88403	5.71882e-10
3.01995	6.29655e-10
3.16228	6.93093e-10
3.31131	7.62687e-10
3.46737	8.39035e-10
3.63078	9.22798e-10
3.80189	1.01461e-09
3.98107	1.11525e-09
4.16869	1.22556e-09
4.36516	1.34633e-09
4.57088	1.47857e-09
4.7863	1.62335e-09
5.01187	1.78164e-09
5.24807	1.95468e-09
5.49541	2.14386e-09
5.7544	2.3503e-09
6.0256	2.57543e-09
6.30957	2.82111e-09
6.60693	3.08852e-09
6.91831	3.37919e-09
7.24436	3.6954e-09
7.58578	4.03842e-09
7.94328	4.40973e-09
8.31764	4.41405e-09
8.70964	4.81195e-09
9.12011	5.24012e-09
9.54993	5.6997e-09
10	6.19337e-09
10.4713	6.72014e-09
10.9648	7.28055e-09
11.4815	7.87672e-09
12.0226	8.50538e-09
12.5893	9.16801e-09
13.1826	9.86161e-09
13.8038	1.05845e-08
14.4544	1.13336e-08
15.1356	1.21064e-08
15.8489	1.28951e-08
16.5959	1.25594e-08
17.378	1.33044e-08
18.197	1.40511e-08
19.0546	1.47958e-08
19.9526	1.55331e-08
20.893	1.62556e-08
21.8776	1.55457e-08
22.9087	1.61672e-08
23.9883	1.67613e-08
25.1189	1.73238e-08
26.3027	1.63703e-08
27.5423	1.68261e-08
28.8403	1.72456e-08
30.1995	1.76262e-08
31.6228	1.64823e-08
33.1131	1.67638e-08
34.6737	1.70096e-08
36.3078	1.72173e-08
38.0189	1.59619e-08
39.8107	1.60953e-08
41.6869	1.61956e-08
43.6516	1.49355e-08
45.7088	1.49794e-08
47.863	1.49961e-08
50.1187	1.37674e-08
52.4807	1.3746e-08
54.9541	1.37038e-08
57.544	1.3648e-08
60.256	1.24648e-08
63.0957	1.23822e-08
66.0693	1.22899e-08
69.1831	1.11898e-08
72.4436	1.10829e-08
75.8578	1.09698e-08
79.4328	1.08474e-08
83.1764	9.84151e-09
87.0964	9.71689e-09
91.2011	9.58679e-09
95.4993	9.45103e-09
100	8.54761e-09
104.713	8.41779e-09
109.648	8.28444e-09
114.815	7.47872e-09
120.226	7.35223e-09
125.893	7.22463e-09
131.826	7.09542e-09
138.038	6.3913e-09
144.544	6.27197e-09
151.356	6.15273e-09
158.489	6.03311e-09
165.959	5.42312e-09
173.78	5.31331e-09
181.97	5.20465e-09
190.546	5.09639e-09
199.526	4.57459e-09
208.93	4.47674e-09
218.776	4.37981e-09
229.087	3.92738e-09
239.883	3.8404e-09
251.189	3.75433e-09
263.027	3.66926e-09
275.423	3.2848e-09
288.403	3.20924e-09
301.995	3.13489e-09
316.228	3.06161e-09
331.131	2.73842e-09
346.737	2.67317e-09
363.078	2.609e-09
380.189	2.54621e-09
398.107	2.27515e-09
416.869	2.21963e-09
436.516	2.16523e-09
457.088	2.11184e-09
478.63	1.88487e-09
501.187	1.83784e-09
524.807	1.79183e-09
549.541	1.74676e-09
575.44	1.55794e-09
602.56	1.51833e-09
630.957	1.47966e-09
660.693	1.44184e-09
691.831	1.40494e-09
724.436	1.25197e-09
758.578	1.2196e-09
794.328	1.18797e-09
831.764	1.15707e-09
870.964	1.03007e-09
912.011	1.00312e-09
954.993	9.76838e-10
1000	9.51241e-10
1047.13	8.46452e-10
1096.48	8.24067e-10
1148.15	8.02232e-10
1202.26	7.80936e-10
1258.93	6.94388e-10
1318.26	6.75854e-10
1380.38	6.57821e-10
1445.44	6.40279e-10
1513.56	5.6893e-10
1584.89	5.53636e-10
1659.59	5.38736e-10
1737.8	5.24222e-10
1819.7	4.65553e-10
1905.46	4.52933e-10
1995.26	4.40684e-10
2089.3	4.28782e-10
2187.76	4.17198e-10
2290.87	3.70239e-10
2398.83	3.60159e-10
2511.89	3.5035e-10
2630.27	3.40806e-10
2754.23	3.02218e-10
2884.03	2.9396e-10
3019.95	2.85935e-10
3162.28	2.78143e-10
3311.31	2.46568e-10
3467.37	2.39802e-10
3630.78	2.33222e-10
3801.89	2.26823e-10
3981.07	2.00927e-10
4168.69	1.95382e-10
4365.16	1.90009e-10
4570.88	1.8479e-10
4786.3	1.63616e-10
5011.87	1.59098e-10
5248.07	1.54705e-10
5495.41	1.50436e-10
5754.4	1.46288e-10
6025.6	1.29426e-10
6309.57	1.25848e-10
6606.93	1.22375e-10
6918.31	1.19001e-10
7244.36	1.0523e-10
7585.78	1.0231e-10
7943.28	9.9474e-11
8317.64	9.6719e-11
8709.64	8.54716e-11
9120.11	8.30926e-11
9549.93	8.07905e-11
10000	7.85544e-11
10471.3	6.93879e-11
10964.8	6.74577e-11
11481.5	6.55828e-11
12022.6	6.37618e-11
12589.3	5.62849e-11
13182.6	5.47107e-11
13803.8	5.31886e-11
14454.4	5.17115e-11
15135.6	5.02774e-11
15848.9	4.4349e-11
16595.9	4.3112e-11
17378	4.1911e-11
18197	4.0745e-11
19054.6	3.59201e-11
19952.6	3.49163e-11
20893	3.39455e-11
21877.6	3.3003e-11
22908.7	2.90795e-11
23988.3	2.82658e-11
25118.9	2.74762e-11
26302.7	2.6709e-11
27542.3	2.35183e-11
28840.3	2.28564e-11
30199.5	2.22184e-11
31622.8	2.15995e-11
33113.1	1.90107e-11
34673.7	1.84776e-11
36307.8	1.79603e-11
38018.9	1.74585e-11
39810.7	1.5357e-11
41686.9	1.49246e-11
43651.6	1.45067e-11
45708.8	1.41019e-11
47863	1.2398e-11
50118.7	1.20487e-11
52480.7	1.17094e-11
54954.1	1.13808e-11
57544	1.00005e-11
60256	9.71774e-12
63095.7	9.44442e-12
66069.3	9.18067e-12
69183.1	8.06428e-12
72443.6	7.8372e-12
75857.8	7.6169e-12
79432.8	7.40329e-12
83176.4	6.49942e-12
87096.4	6.31505e-12
91201.1	6.13639e-12
95499.3	5.96413e-12
100000	5.23402e-12
104713	1.35013e-13
109648	1.28976e-13
114815	1.23218e-13
120226	1.06254e-13
125893	1.01493e-13
131826	9.69524e-14
138038	9.26378e-14
144544	7.98673e-14
151356	7.63031e-14
158489	7.2898e-14
165959	6.96472e-14
173780	6.00147e-14
181970	5.73268e-14
190546	5.4767e-14
199526	5.23364e-14
208930	4.50954e-14
218776	4.30914e-14
229087	4.11787e-14
239883	3.93538e-14
251189	3.38996e-14
263027	3.23925e-14
275423	3.09562e-14
288403	2.95894e-14
301995	2.54846e-14
316228	2.43565e-14
331131	2.32792e-14
346737	2.22524e-14
363078	1.9163e-14
380189	1.83166e-14
398107	1.7509e-14
416869	1.50825e-14
436516	1.44199e-14
457088	1.37881e-14
478630	1.31855e-14
501187	1.1357e-14
524807	1.086e-14
549541	1.03853e-14
575440	9.93151e-15
602560	8.55447e-15
630957	8.1822e-15
660693	7.82753e-15
691831	6.74417e-15
724436	6.45182e-15
758578	6.1728e-15
794328	5.90731e-15
831764	5.08964e-15
870964	4.87166e-15
912011	4.66379e-15
954993	4.02058e-15
1e+06	3.84913e-15
