0.1	7.94925e-16
0.104713	7.85427e-16
0.109648	6.62973e-15
0.114815	2.36882e-14
0.120226	5.90976e-14
0.125893	1.21507e-13
0.131826	2.21831e-13
0.138038	3.70285e-13
0.144544	5.83562e-13
0.151356	8.72015e-13
0.158489	1.25567e-12
0.165959	1.7597e-12
0.17378	2.3941e-12
0.18197	3.20183e-12
0.190546	4.18344e-12
0.199526	5.38438e-12
0.20893	6.85299e-12
0.218776	8.58728e-12
0.229087	1.06524e-11
0.239883	1.31015e-11
0.251189	1.59452e-11
0.263027	1.92875e-11
0.275423	2.31105e-11
0.288403	2.75287e-11
0.301995	3.26152e-11
0.316228	3.8394e-11
0.331131	4.50169e-11
0.346737	5.24716e-11
0.363078	6.09307e-11
0.380189	7.04963e-11
0.398107	8.12385e-11
0.416869	9.33567e-11
0.436516	1.06896e-10
0.457088	1.22089e-10
0.47863	1.39097e-10
0.501187	1.58081e-10
0.524807	1.79297e-10
0.549541	2.02917e-10
0.57544	2.29245e-10
0.60256	2.58553e-10
0.630957	2.91138e-10
0.660693	3.27349e-10
0.691831	3.67563e-10
0.724436	4.12183e-10
0.758578	4.61662e-10
0.794328	5.16497e-10
0.831764	5.7722e-10
0.870964	6.44438e-10
0.912011	7.18795e-10
0.954993	8.00989e-10
1	8.91846e-10
1.04713	9.92176e-10
1.09648	1.10293e-09
1.14815	1.22516e-09
1.20226	1.35994e-09
1.25893	1.50855e-09
1.31826	1.67231e-09
1.38038	1.85263e-09
1.44544	2.05122e-09
1.51356	2.26975e-09
1.58489	2.51002e-09
1.65959	2.77433e-09
1.7378	3.06472e-09
1.8197	3.3835e-09
1.90546	3.73372e-09
1.99526	4.11781e-09
2.0893	4.53869e-09
2.18776	5.00026e-09
2.29087	5.50544e-09
2.39883	6.05774e-09
2.51189	6.66196e-09
2.63027	7.32159e-09
2.75423	8.04056e-09
2.88403	8.82437e-09
3.01995	9.67727e-09
3.16228	1.0603e-08
3.31131	1.16073e-08
3.46737	1.26951e-08
3.63078	1.3869e-08
3.80189	1.51341e-08
3.98107	1.64954e-08
4.16869	1.79522e-08
4.36516	1.95097e-08
4.57088	2.11684e-08
4.7863	2.2923e-08
5.01187	2.47825e-08
5.24807	2.44944e-08
5.49541	2.63615e-08
5.7544	2.83017e-08
6.0256	3.03109e-08
6.30957	3.23678e-08
6.60693	3.44764e-08
6.91831	3.66096e-08
7.24436	3.87522e-08
7.58578	3.74555e-08
7.94328	3.94022e-08
8.31764	4.13146e-08
8.70964	4.31793e-08
9.12011	4.49813e-08
9.54993	4.27862e-08
10	4.42887e-08
10.4713	4.56998e-08
10.9648	4.70198e-08
11.4815	4.41973e-08
12.0226	4.52217e-08
12.5893	4.61397e-08
13.1826	4.69538e-08
13.8038	4.36937e-08
14.4544	4.42598e-08
15.1356	4.47251e-08
15.8489	4.13586e-08
16.5959	4.16373e-08
17.378	4.18307e-08
18.197	4.19618e-08
19.0546	3.85359e-08
19.9526	3.85229e-08
20.893	3.84634e-08
21.8776	3.51787e-08
22.9087	3.50236e-08
23.9883	3.48357e-08
25.1189	3.46024e-08
26.3027	3.1507e-08
27.5423	3.12347e-08
28.8403	3.09305e-08
30.1995	2.80888e-08
31.6228	2.77702e-08
33.1131	2.74317e-08
34.6737	2.70729e-08
36.3078	2.45196e-08
38.0189	2.41689e-08
39.8107	2.38049e-08
41.6869	2.15204e-08
43.6516	2.11739e-08
45.7088	2.08215e-08
47.863	2.04623e-08
50.1187	1.84595e-08
52.4807	1.8125e-08
54.9541	1.77881e-08
57.544	1.74486e-08
60.256	1.57149e-08
63.0957	1.54044e-08
66.0693	1.5095e-08
69.1831	1.47857e-08
72.4436	1.3297e-08
75.8578	1.30149e-08
79.4328	1.27363e-08
83.1764	1.24597e-08
87.0964	1.11876e-08
91.2011	1.09387e-08
95.4993	1.06921e-08
100	1.04495e-08
104.713	9.3724e-09
109.648	9.15512e-09
114.815	8.94066e-09
120.226	8.01133e-09
125.893	7.82039e-09
131.826	7.63356e-09
138.038	7.4497e-09
144.544	6.66753e-09
151.356	6.50422e-09
158.489	6.34375e-09
165.959	6.18616e-09
173.78	6.03201e-09
181.97	5.39366e-09
190.546	5.25807e-09
199.526	5.12513e-09
208.93	4.99485e-09
218.776	4.46246e-09
229.087	4.34767e-09
239.883	4.23568e-09
251.189	4.12615e-09
263.027	3.68281e-09
275.423	3.58693e-09
288.403	3.49318e-09
301.995	3.40154e-09
316.228	3.03433e-09
331.131	2.95408e-09
346.737	2.87587e-09
363.078	2.79949e-09
380.189	2.49567e-09
398.107	2.42906e-09
416.869	2.36408e-09
436.516	2.30068e-09
457.088	2.04933e-09
478.63	1.994e-09
501.187	1.94014e-09
524.807	1.88763e-09
549.541	1.68065e-09
575.44	1.63493e-09
602.56	1.59046e-09
630.957	1.54713e-09
660.693	1.50492e-09
691.831	1.33902e-09
724.436	1.30232e-09
758.578	1.26659e-09
794.328	1.2318e-09
831.764	1.09519e-09
870.964	1.06504e-09
912.011	1.0357e-09
954.993	1.00713e-09
1000	8.95136e-10
1047.13	8.70306e-10
1096.48	8.46199e-10
1148.15	8.22746e-10
1202.26	7.30861e-10
1258.93	7.1052e-10
1318.26	6.90784e-10
1380.38	6.71589e-10
1445.44	6.52923e-10
1513.56	5.79554e-10
1584.89	5.63355e-10
1659.59	5.47636e-10
1737.8	5.32357e-10
1819.7	4.72356e-10
1905.46	4.5916e-10
1995.26	4.46336e-10
2089.3	4.33872e-10
2187.76	3.84785e-10
2290.87	3.73973e-10
2398.83	3.6347e-10
2511.89	3.53277e-10
2630.27	3.13114e-10
2754.23	3.04307e-10
2884.03	2.95776e-10
3019.95	2.87488e-10
3162.28	2.79437e-10
3311.31	2.47548e-10
3467.37	2.40577e-10
3630.78	2.33806e-10
3801.89	2.27231e-10
3981.07	2.01177e-10
4168.69	1.95513e-10
4365.16	1.90021e-10
4570.88	1.84687e-10
4786.3	1.63436e-10
5011.87	1.58823e-10
5248.07	1.54343e-10
5495.41	1.49994e-10
5754.4	1.32667e-10
6025.6	1.28916e-10
6309.57	1.2529e-10
6606.93	1.2177e-10
6918.31	1.07654e-10
7244.36	1.04611e-10
7585.78	1.01654e-10
7943.28	9.87853e-11
8317.64	9.60007e-11
8709.64	8.4804e-11
9120.11	8.2409e-11
9549.93	8.00909e-11
10000	7.7841e-11
10471.3	6.87365e-11
10964.8	6.67938e-11
11481.5	6.49082e-11
12022.6	6.30781e-11
12589.3	5.5664e-11
13182.6	5.40861e-11
13803.8	5.25601e-11
14454.4	5.10812e-11
15135.6	4.50581e-11
15848.9	4.37824e-11
16595.9	4.25446e-11
17378	4.13433e-11
18197	3.64472e-11
19054.6	3.54119e-11
19952.6	3.44118e-11
20893	3.34429e-11
21877.6	3.25034e-11
22908.7	2.86343e-11
23988.3	2.78243e-11
25118.9	2.70373e-11
26302.7	2.62738e-11
27542.3	2.31307e-11
28840.3	2.24738e-11
30199.5	2.18397e-11
31622.8	2.12246e-11
33113.1	1.86783e-11
34673.7	1.81496e-11
36307.8	1.76365e-11
38018.9	1.71387e-11
39810.7	1.50736e-11
41686.9	1.4645e-11
43651.6	1.42316e-11
45708.8	1.38303e-11
47863	1.2158e-11
50118.7	1.18123e-11
52480.7	1.1477e-11
54954.1	1.11522e-11
57544	9.79868e-12
60256	9.51921e-12
63095.7	9.24981e-12
66069.3	8.98916e-12
69183.1	7.8955e-12
72443.6	7.67127e-12
75857.8	7.45403e-12
79432.8	7.2434e-12
83176.4	6.35862e-12
87096.4	6.17678e-12
91201.1	6.00095e-12
95499.3	5.83115e-12
100000	5.1172e-12
104713	9.34237e-14
109648	8.92284e-14
114815	8.52325e-14
120226	7.34966e-14
125893	7.01898e-14
131826	6.7038e-14
138038	6.40467e-14
144544	5.5218e-14
151356	5.27433e-14
158489	5.03791e-14
165959	4.8126e-14
173780	4.14703e-14
181970	3.96067e-14
190546	3.78322e-14
199526	3.61493e-14
208930	3.11489e-14
218776	2.97602e-14
229087	2.84343e-14
239883	2.71705e-14
251189	2.34057e-14
263027	2.23617e-14
275423	2.13669e-14
288403	2.04215e-14
301995	1.75893e-14
316228	1.6808e-14
331131	1.60621e-14
346737	1.38359e-14
363078	1.32217e-14
380189	1.26357e-14
398107	1.20772e-14
416869	1.04048e-14
436516	9.9463e-15
457088	9.50932e-15
478630	9.09253e-15
501187	7.83237e-15
524807	7.48854e-15
549541	7.16022e-15
575440	6.16762e-15
602560	5.89804e-15
630957	5.64064e-15
660693	5.39566e-15
691831	4.64942e-15
724436	4.44727e-15
758578	4.25457e-15
794328	4.07108e-15
831764	3.50815e-15
870964	3.35761e-15
912011	3.21397e-15
954993	2.77104e-15
1e+06	2.65261e-15
