4.14375e-07 2.39922e-23 1.07745e-22 2.37844e-22 3.10022e-22 3.64785e-22
6.5674e-07 9.55143e-23 4.28937e-22 9.46879e-22 1.23433e-21 1.45291e-21
1.04086e-06 3.80249e-22 1.70762e-21 3.76962e-21 4.91455e-21 5.78776e-21
1.64966e-06 1.51379e-21 6.79816e-21 1.50073e-20 1.95683e-20 2.30607e-20
2.61453e-06 6.0265e-21 2.70639e-20 5.97463e-20 7.79195e-20 9.19092e-20
4.14375e-06 2.39914e-20 1.07743e-19 2.3786e-19 3.10291e-19 3.66455e-19
6.5674e-06 9.5322e-20 4.28449e-19 9.46017e-19 1.23454e-18 1.46046e-18
1.04086e-05 3.60088e-19 1.63505e-18 3.61772e-18 4.72393e-18 5.58607e-18
1.64966e-05 1.12886e-18 5.23159e-18 1.16284e-17 1.5173e-17 1.77246e-17
2.61453e-05 2.83811e-18 1.33758e-17 2.98397e-17 3.8797e-17 4.41357e-17
4.14375e-05 6.14217e-18 2.92304e-17 6.53225e-17 8.44106e-17 9.23963e-17
6.5674e-05 1.22548e-17 5.86073e-17 1.31012e-16 1.67856e-16 1.74494e-16
0.000104086 2.34836e-17 1.12567e-16 2.51477e-16 3.18564e-16 3.09051e-16
0.000164966 4.41411e-17 2.11798e-16 4.72532e-16 5.89583e-16 5.21169e-16
0.000261453 8.22199e-17 3.94635e-16 8.7871e-16 1.07408e-15 8.38841e-16
0.000414375 1.52499e-16 7.3192e-16 1.6253e-15 1.93145e-15 1.28584e-15
0.00065674 2.82292e-16 1.35445e-15 2.99673e-15 3.42488e-15 1.87525e-15
0.00104086 5.22068e-16 2.5036e-15 5.51229e-15 5.96739e-15 2.60865e-15
0.00164966 9.65081e-16 4.6246e-15 1.01159e-14 1.01602e-14 3.47894e-15
0.00261453 1.78363e-15 8.53816e-15 1.85133e-14 1.67901e-14 4.47799e-15
0.00414375 3.29601e-15 1.57559e-14 3.37597e-14 2.67535e-14 5.6173e-15
0.0065674 6.09024e-15 2.90589e-14 6.12611e-14 4.09436e-14 6.94872e-15
0.0104086 1.12523e-14 5.35564e-14 1.10412e-13 6.02141e-14 8.55561e-15
0.0164966 2.07877e-14 9.86158e-14 1.9711e-13 8.54151e-14 1.05261e-14
0.0261453 3.83987e-14 1.81366e-13 3.47225e-13 1.17293e-13 1.295e-14
0.0414375 7.09174e-14 3.33009e-13 6.00459e-13 1.56281e-13 1.59319e-14
0.065674 1.30946e-13 6.10094e-13 1.01276e-12 2.02487e-13 1.96004e-14
0.104086 2.41717e-13 1.11436e-12 1.65405e-12 2.56154e-13 2.41137e-14
0.164966 4.46019e-13 2.02692e-12 2.59957e-12 3.18637e-13 2.9666e-14
0.261453 8.22582e-13 3.66538e-12 3.92073e-12 3.93074e-13 3.64967e-14
0.414375 1.51604e-12 6.57425e-12 5.6847e-12 4.83739e-13 4.48999e-14
0.65674 2.7916e-12 1.16565e-11 7.95503e-12 5.95129e-13 5.52373e-14
1.04086 5.13422e-12 2.03362e-11 1.07791e-11 7.32153e-13 6.79538e-14
1.64966 9.42744e-12 3.46939e-11 1.41782e-11 9.00718e-13 8.3596e-14
2.61453 1.72727e-11 5.74395e-11 1.81632e-11 1.10807e-12 1.02835e-13
4.14375 3.15519e-11 9.1554e-11 2.27889e-11 1.36313e-12 1.26496e-13
6.5674 5.73968e-11 1.39681e-10 2.82244e-11 1.67684e-12 1.5559e-13
10.4086 1.0381e-10 2.03872e-10 3.47668e-11 2.06264e-12 1.91354e-13
16.4966 1.86236e-10 2.86146e-10 4.27728e-11 2.537e-12 2.353e-13
26.1453 3.3031e-10 3.88962e-10 5.26145e-11 3.12009e-12 2.89266e-13
41.4375 5.76512e-10 5.14862e-10 6.47159e-11 3.83651e-12 3.55477e-13
65.674 9.84107e-10 6.66013e-10 7.95918e-11 4.71617e-12 4.36602e-13
104.086 1.6305e-09 8.44593e-10 9.78713e-11 5.79524e-12 5.35796e-13
164.966 2.60125e-09 1.05446e-09 1.2032e-10 7.11699e-12 6.56717e-13
261.453 3.97304e-09 1.3035e-09 1.47862e-10 8.73247e-12 8.03455e-13
414.375 5.80817e-09 1.60423e-09 1.81611e-10 1.07006e-11 9.8032e-13
656.74 8.17593e-09 1.97169e-09 2.22881e-10 1.30868e-11 1.19135e-12
1040.86 1.11743e-08 2.42179e-09 2.73197e-10 1.5959e-11 1.43936e-12
1649.66 1.49238e-08 2.97226e-09 3.3427e-10 1.93794e-11 1.72428e-12
2614.53 1.95549e-08 3.64349e-09 4.07907e-10 2.33876e-11 2.04063e-12
4143.75 2.52004e-08 4.45841e-09 4.95818e-10 2.79736e-11 2.37419e-12
6567.4 3.19858e-08 5.44132e-09 5.99226e-10 3.30357e-11 2.69927e-12
10408.6 4.00222e-08 6.61534e-09 7.18207e-10 3.83309e-11 2.97977e-12
16496.6 4.9413e-08 7.99737e-09 8.50665e-10 4.34396e-11 3.17904e-12
26145.3 6.02596e-08 9.58929e-09 9.9102e-10 4.78001e-11 3.27944e-12
41437.5 7.26366e-08 1.13643e-08 1.12913e-09 5.08797e-11 3.29748e-12
65674 8.64862e-08 1.32495e-08 1.25072e-09 5.2462e-11 3.27151e-12
104086 1.0142e-07 1.51107e-08 1.3411e-09 5.2818e-11 3.23071e-12
164966 1.16542e-07 1.67569e-08 1.39245e-09 5.24998e-11 3.18479e-12
261453 1.30429e-07 1.79901e-08 1.40948e-09 5.19311e-11 3.13502e-12
414375 1.41432e-07 1.87035e-08 1.40596e-09 5.12661e-11 3.08147e-12
656740 1.48427e-07 1.89609e-08 1.39408e-09 5.0529e-11 3.02408e-12
1.04086e+06 1.51647e-07 1.89472e-08 1.37894e-09 4.9721e-11 2.96269e-12
1.64966e+06 1.52528e-07 1.88211e-08 1.3615e-09 4.88407e-11 2.89703e-12
2.61453e+06 1.52395e-07 1.86461e-08 1.3418e-09 4.78856e-11 2.82674e-12
4.14375e+06 1.51743e-07 1.84335e-08 1.31983e-09 4.68511e-11 2.75131e-12
6.5674e+06 1.50666e-07 1.81842e-08 1.29551e-09 4.57309e-11 2.67011e-12
1.04086e+07 1.49194e-07 1.78982e-08 1.26873e-09 4.45164e-11 2.58238e-12
1.64966e+07 1.47348e-07 1.75751e-08 1.23933e-09 4.31971e-11 2.48726e-12
2.61453e+07 1.45144e-07 1.72138e-08 1.20708e-09 4.17603e-11 2.38377e-12
4.14375e+07 1.42591e-07 1.68126e-08 1.17171e-09 4.01917e-11 2.27092e-12
6.5674e+07 1.39693e-07 1.6369e-08 1.13289e-09 3.84755e-11 2.14773e-12
1.04086e+08 1.36447e-07 1.58797e-08 1.09023e-09 3.65957e-11 2.0134e-12
1.64966e+08 1.32843e-07 1.53407e-08 1.04335e-09 3.45376e-11 1.86741e-12
2.61453e+08 1.28865e-07 1.47473e-08 9.91809e-10 3.22894e-11 1.70976e-12
4.14375e+08 1.24486e-07 1.40945e-08 9.35247e-10 2.98458e-11 1.54117e-12
6.5674e+08 1.19675e-07 1.3377e-08 8.73379e-10 2.72105e-11 1.36333e-12
1.04086e+09 1.14397e-07 1.25904e-08 8.06102e-10 2.44007e-11 1.17909e-12
1.64966e+09 1.08613e-07 1.17314e-08 7.33578e-10 2.14502e-11 9.92555e-13
2.61453e+09 1.02289e-07 1.07996e-08 6.56341e-10 1.84128e-11 8.09021e-13
4.14375e+09 9.54005e-08 9.79804e-09 5.75396e-10 1.53625e-11 6.34613e-13
6.5674e+09 8.79291e-08 8.73415e-09 4.92229e-10 1.23898e-11 4.75615e-13
1.04086e+10 7.98239e-08 7.61601e-09 4.08578e-10 9.58911e-12 3.37429e-13
1.64966e+10 7.07514e-08 6.43118e-09 3.25322e-10 7.02814e-12 2.2311e-13
2.61453e+10 5.8763e-08 5.0401e-09 2.37748e-10 4.65787e-12 1.30926e-13
4.14375e+10 4.22038e-08 3.37719e-09 1.46647e-10 2.56085e-12 6.23598e-14
6.5674e+10 2.42442e-08 1.78619e-09 7.03331e-11 1.0731e-12 2.20682e-14
1.04086e+11 9.38234e-09 6.26649e-10 2.1989e-11 2.86447e-13 4.82881e-15
1.64966e+11 1.75245e-09 1.04211e-10 3.19356e-12 3.45881e-14 4.61617e-16
2.61453e+11 1.17876e-10 6.11098e-12 1.59774e-13 1.39528e-15 1.41554e-17
4.14375e+11 2.97903e-12 1.31381e-13 2.85242e-15 1.93873e-17 1.42583e-19
6.5674e+11 5.71146e-14 2.08243e-15 3.63861e-17 1.84783e-19 9.31926e-22
1.04086e+12 2.02224e-15 5.89594e-17 7.99513e-19 2.89384e-21 9.37445e-24
1.64966e+12 8.27424e-17 1.8554e-18 1.87195e-20 4.5719e-23 8.78992e-26
2.61453e+12 7.11557e-19 1.17248e-20 8.37949e-23 1.29578e-25 1.33552e-28
4.14375e+12 1.81436e-22 2.08235e-24 9.95439e-27 9.04902e-30 4.31506e-33
6.5674e+12 2.70999e-27 2.03398e-29 6.08144e-32 2.97943e-35 5.06454e-39
1.04086e+13 9.11993e-28 4.15507e-30 7.18196e-33 1.71235e-36 5.99536e-41
1.64966e+13 2.57998e-28 6.53363e-31 5.95213e-34 6.12209e-38 1.42088e-43
2.61453e+13 5.9812e-29 7.58591e-32 3.26775e-35 1.25307e-39 2.28848e-47
4.14375e+13 1.10288e-29 6.19369e-33 1.11092e-36 1.30148e-41 4.05158e-53
6.5674e+13 1.56114e-30 3.35803e-34 2.16133e-38 5.3241e-44 3.86783e-62
1.04086e+14 1.62628e-31 1.13026e-35 2.19456e-40 4.66424e-47 1.94933e-76
1.64966e+14 1.18573e-32 2.18253e-37 1.04418e-42 2.75139e-51 3.7268e-99
2.61453e+14 5.70225e-34 2.20469e-39 2.04929e-45 1.49522e-57 2.74778e-135
4.14375e+14 1.68689e-35 1.04604e-41 1.39805e-48 2.57868e-67 1.01574e-192
6.5674e+14 2.82927e-37 2.05585e-44 2.25422e-52 8.8432e-83 6.42846e-284
