4.14375e-07 1.79729e-23 1.03174e-22 2.37043e-22 3.11828e-22 3.68973e-22
6.5674e-07 7.15514e-23 4.10742e-22 9.43689e-22 1.24152e-21 1.46958e-21
1.04086e-06 2.84851e-22 1.63519e-21 3.75692e-21 4.94316e-21 5.8541e-21
1.64966e-06 1.13401e-21 6.50978e-21 1.49567e-20 1.96822e-20 2.33247e-20
2.61453e-06 -nan 2.59158e-20 5.95449e-20 7.83726e-20 9.29597e-20
4.14375e-06 -5.669e+304 1.03173e-19 2.37059e-19 3.12094e-19 3.70634e-19
6.5674e-06 7.12644e-20 4.10237e-19 9.42865e-19 1.24182e-18 1.47718e-18
1.04086e-05 2.65363e-19 1.56327e-18 3.60838e-18 4.76019e-18 5.65951e-18
1.64966e-05 -nan 4.98605e-18 1.1619e-17 1.53541e-17 1.80339e-17
2.61453e-05 2.00322e-18 1.27138e-17 2.98624e-17 3.94067e-17 4.50872e-17
4.14375e-05 4.28951e-18 2.77402e-17 6.54338e-17 8.59307e-17 9.46596e-17
6.5674e-05 8.51263e-18 5.55748e-17 1.313e-16 1.71087e-16 1.79155e-16
0.000104086 1.62706e-17 1.06702e-16 2.52096e-16 3.24913e-16 3.17925e-16
0.000164966 3.05458e-17 2.00727e-16 4.73763e-16 6.01597e-16 5.37233e-16
0.000261453 5.68643e-17 3.73978e-16 8.81086e-16 1.09638e-15 8.66595e-16
0.000414375 1.05443e-16 6.93591e-16 1.62983e-15 1.97236e-15 1.33128e-15
0.00065674 1.95162e-16 1.28352e-15 3.00536e-15 3.49931e-15 1.9454e-15
0.00104086 3.60912e-16 2.37253e-15 5.52879e-15 6.10153e-15 2.71158e-15
0.00164966 -nan 4.38262e-15 1.01477e-14 1.0399e-14 3.62432e-15
0.00261453 1.23302e-15 8.09175e-15 1.85752e-14 1.72075e-14 4.6761e-15
0.00414375 3.25689e+87 1.4933e-14 3.38819e-14 2.74648e-14 5.87643e-15
0.0065674 2.53696e+150 2.75434e-14 6.15064e-14 4.21154e-14 7.27525e-15
0.0104086 7.77915e-15 5.07685e-14 1.10914e-13 6.20701e-14 8.95919e-15
0.0164966 1.43719e-14 9.34954e-14 1.98156e-13 8.82395e-14 1.10228e-14
0.0261453 3.01022e+150 1.71981e-13 3.49437e-13 1.21437e-13 1.3561e-14
0.0414375 1.05787e+213 3.15856e-13 6.05174e-13 1.6216e-13 1.66836e-14
0.065674 9.05511e-14 5.78866e-13 1.02274e-12 2.10546e-13 2.05253e-14
0.104086 1.67171e-13 1.05781e-12 1.67457e-12 2.66844e-13 2.52514e-14
0.164966 3.08517e-13 1.92533e-12 2.63953e-12 3.32372e-13 3.10658e-14
0.261453 5.69112e-13 3.48482e-12 3.99296e-12 4.10245e-13 3.82188e-14
0.414375 1.04919e-12 6.25842e-12 5.80552e-12 5.04925e-13 4.70185e-14
0.65674 1.93268e-12 1.11166e-11 8.14577e-12 6.21196e-13 5.78437e-14
1.04086 3.55634e-12 1.94437e-11 1.10692e-11 7.64222e-13 7.11602e-14
1.64966 6.53463e-12 3.32884e-11 1.46039e-11 9.40168e-13 8.75405e-14
2.61453 1.19838e-11 5.53731e-11 1.87626e-11 1.1566e-12 1.07688e-13
4.14375 2.1919e-11 8.87883e-11 2.35948e-11 1.42283e-12 1.32465e-13
6.5674 3.9945e-11 1.36397e-10 2.92596e-11 1.75028e-12 1.62932e-13
10.4086 7.24273e-11 2.00504e-10 3.60566e-11 2.15296e-12 2.00383e-13
16.4966 1.30394e-10 2.8334e-10 4.43622e-11 2.64807e-12 2.46401e-13
26.1453 2.32414e-10 3.87618e-10 5.45693e-11 3.25665e-12 3.02911e-13
41.4375 4.08441e-10 5.16219e-10 6.71195e-11 4.00436e-12 3.7224e-13
65.674 7.03704e-10 6.71719e-10 8.25465e-11 4.92239e-12 4.57176e-13
104.086 1.17985e-09 8.56553e-10 1.01502e-10 6.04842e-12 5.61017e-13
164.966 1.90837e-09 1.07423e-09 1.24778e-10 7.4275e-12 6.87574e-13
261.453 2.9535e-09 1.33156e-09 1.53332e-10 9.11273e-12 8.41098e-13
414.375 4.35482e-09 1.64034e-09 1.88313e-10 1.11652e-11 1.02604e-12
656.74 6.13201e-09 2.01614e-09 2.31075e-10 1.36525e-11 1.24654e-12
1040.86 8.30856e-09 2.47582e-09 2.83186e-10 1.66444e-11 1.50535e-12
1649.66 1.09185e-08 3.03746e-09 3.46392e-10 2.02035e-11 1.80213e-12
2614.53 1.39972e-08 3.72142e-09 4.22519e-10 2.4368e-11 2.13072e-12
4143.75 1.75845e-08 4.55015e-09 5.13257e-10 2.91216e-11 2.47573e-12
6567.4 2.1745e-08 5.54674e-09 6.19735e-10 3.43505e-11 2.80982e-12
10408.6 2.65883e-08 6.73185e-09 7.4181e-10 3.97918e-11 3.09527e-12
16496.6 3.22458e-08 8.11767e-09 8.76981e-10 4.50005e-11 3.29496e-12
26145.3 3.87988e-08 9.69807e-09 1.01905e-09 4.93942e-11 3.39296e-12
41437.5 4.62027e-08 1.14338e-08 1.15715e-09 5.24423e-11 3.4087e-12
65674 5.42285e-08 1.32354e-08 1.27646e-09 5.39628e-11 3.38214e-12
104086 6.24018e-08 1.49523e-08 1.36263e-09 5.42738e-11 3.34191e-12
164966 6.99873e-08 1.63903e-08 1.40933e-09 5.39469e-11 3.297e-12
261453 7.61333e-08 1.73792e-08 1.4232e-09 5.33929e-11 3.24863e-12
414375 8.02542e-08 1.78774e-08 1.41873e-09 5.27516e-11 3.19702e-12
656740 8.245e-08 1.80127e-08 1.40724e-09 5.20449e-11 3.14227e-12
1.04086e+06 8.34208e-08 1.79729e-08 1.39287e-09 5.12762e-11 3.08448e-12
1.64966e+06 8.38113e-08 1.78668e-08 1.37633e-09 5.04477e-11 3.02368e-12
2.61453e+06 8.38705e-08 1.7721e-08 1.35771e-09 4.95612e-11 2.95985e-12
4.14375e+06 8.36557e-08 1.75385e-08 1.33708e-09 4.86176e-11 2.89297e-12
6.5674e+06 8.31904e-08 1.732e-08 1.31447e-09 4.76174e-11 2.82296e-12
1.04086e+07 8.24908e-08 1.70658e-08 1.28993e-09 4.65608e-11 2.74979e-12
1.64966e+07 8.1569e-08 1.67764e-08 1.26348e-09 4.54484e-11 2.67346e-12
2.61453e+07 8.04333e-08 1.64519e-08 1.23513e-09 4.42811e-11 2.59407e-12
4.14375e+07 7.90892e-08 1.60924e-08 1.20491e-09 4.30619e-11 2.51185e-12
6.5674e+07 7.75389e-08 1.5698e-08 1.17286e-09 4.17965e-11 2.42724e-12
1.04086e+08 7.57815e-08 1.52687e-08 1.13908e-09 4.04952e-11 2.3409e-12
1.64966e+08 7.38122e-08 1.48052e-08 1.10378e-09 3.91744e-11 2.25371e-12
2.61453e+08 7.16233e-08 1.43088e-08 1.0673e-09 3.7858e-11 2.16684e-12
4.14375e+08 6.92045e-08 1.37824e-08 1.03022e-09 3.65784e-11 2.08157e-12
6.5674e+08 6.65448e-08 1.32309e-08 9.93434e-10 3.53759e-11 1.99919e-12
1.04086e+09 6.36349e-08 1.26631e-08 9.58177e-10 3.42966e-11 1.92221e-12
1.64966e+09 6.04722e-08 1.2092e-08 9.2608e-10 3.33872e-11 1.85557e-12
2.61453e+09 5.70674e-08 1.15369e-08 8.99131e-10 3.26819e-11 1.80766e-12
4.14375e+09 5.34541e-08 1.10242e-08 8.79473e-10 3.22275e-11 1.78498e-12
6.5674e+09 4.96941e-08 1.0586e-08 8.69021e-10 3.20736e-11 1.79273e-12
1.04086e+10 4.5861e-08 1.02506e-08 8.68212e-10 3.22836e-11 1.83275e-12
1.64966e+10 4.18911e-08 9.99835e-09 8.7134e-10 3.2805e-11 1.89386e-12
2.61453e+10 3.66864e-08 9.49743e-09 8.4501e-10 3.23918e-11 1.89698e-12
4.14375e+10 2.88038e-08 8.14984e-09 7.32276e-10 2.8686e-11 1.69493e-12
6.5674e+10 1.90599e-08 5.84704e-09 5.26936e-10 2.10398e-11 1.24505e-12
1.04086e+11 9.10233e-09 2.94171e-09 2.66744e-10 1.07361e-11 6.31237e-13
1.64966e+11 2.27189e-09 7.43189e-10 6.80164e-11 2.72369e-12 1.57886e-13
2.61453e+11 2.213e-10 7.03899e-11 6.5057e-12 2.55856e-13 1.45163e-14
4.14375e+11 8.66008e-12 2.61827e-12 2.43038e-13 9.27593e-15 5.1147e-16
6.5674e+11 2.67443e-13 7.7904e-14 7.14907e-15 2.61988e-16 1.39408e-17
1.04086e+12 1.58298e-14 4.51777e-15 4.02783e-16 1.40389e-17 7.14917e-19
1.64966e+12 1.1311e-15 3.19317e-16 2.72028e-17 8.93018e-19 4.30739e-20
2.61453e+12 1.80216e-17 4.9984e-18 4.00531e-19 1.2253e-20 5.52613e-22
4.14375e+12 9.1428e-21 2.43857e-21 1.8125e-22 5.10629e-24 2.14015e-25
6.5674e+12 2.90369e-25 7.28979e-26 4.97003e-27 1.29023e-28 5.26146e-30
1.04086e+13 2.18307e-25 5.08211e-26 3.2024e-27 8.10824e-29 3.2853e-30
1.64966e+13 1.40116e-25 3.09726e-26 1.93957e-27 4.93644e-29 1.99434e-30
2.61453e+13 8.25272e-26 1.76969e-26 1.13342e-27 2.92477e-29 1.18226e-30
4.14375e+13 4.73682e-26 9.70237e-27 6.42028e-28 1.69336e-29 6.8649e-31
6.5674e+13 2.6939e-26 5.15484e-27 3.53826e-28 9.59567e-30 3.90319e-31
1.04086e+14 1.53286e-26 2.6886e-27 1.89899e-28 5.31171e-30 2.16396e-31
1.64966e+14 8.74989e-27 1.39429e-27 9.90744e-29 2.85764e-30 1.16092e-31
2.61453e+14 5.00064e-27 7.25834e-28 5.01054e-29 1.48235e-30 5.96017e-32
4.14375e+14 2.84846e-27 3.80664e-28 2.45245e-29 7.33166e-31 2.88331e-32
6.5674e+14 1.607e-27 2.00339e-28 1.16129e-29 3.40355e-31 1.28599e-32
