4.14375e-07 1.79729e-23 1.03174e-22 2.37043e-22 3.11828e-22 3.68973e-22
6.5674e-07 7.15514e-23 4.10742e-22 9.43689e-22 1.24152e-21 1.46958e-21
1.04086e-06 2.84851e-22 1.63519e-21 3.75692e-21 4.94316e-21 5.8541e-21
1.64966e-06 1.13401e-21 6.50978e-21 1.49567e-20 1.96822e-20 2.33247e-20
2.61453e-06 4.51451e-21 2.59158e-20 5.95449e-20 7.83726e-20 9.29597e-20
4.14375e-06 1.79704e-20 1.03173e-19 2.37059e-19 3.12094e-19 3.70634e-19
6.5674e-06 7.12644e-20 4.10237e-19 9.42865e-19 1.24182e-18 1.47718e-18
1.04086e-05 2.65363e-19 1.56327e-18 3.60838e-18 4.76019e-18 5.65951e-18
1.64966e-05 8.11883e-19 4.98605e-18 1.1619e-17 1.53541e-17 1.80339e-17
2.61453e-05 2.00322e-18 1.27138e-17 2.98624e-17 3.94067e-17 4.50872e-17
4.14375e-05 4.28951e-18 2.77402e-17 6.54338e-17 8.59307e-17 9.46596e-17
6.5674e-05 8.51263e-18 5.55748e-17 1.313e-16 1.71087e-16 1.79155e-16
0.000104086 1.62706e-17 1.06702e-16 2.52096e-16 3.24913e-16 3.17925e-16
0.000164966 3.05458e-17 2.00727e-16 4.73763e-16 6.01597e-16 5.37233e-16
0.000261453 5.68643e-17 3.73978e-16 8.81086e-16 1.09638e-15 8.66595e-16
0.000414375 1.05443e-16 6.93591e-16 1.62983e-15 1.97236e-15 1.33128e-15
0.00065674 1.95162e-16 1.28352e-15 3.00536e-15 3.49931e-15 1.9454e-15
0.00104086 3.60912e-16 2.37253e-15 5.52879e-15 6.10153e-15 2.71158e-15
0.00164966 6.67158e-16 4.38262e-15 1.01477e-14 1.0399e-14 3.62432e-15
0.00261453 1.23302e-15 8.09175e-15 1.85752e-14 1.72075e-14 4.6761e-15
0.00414375 2.27855e-15 1.4933e-14 3.38819e-14 2.74648e-14 5.87643e-15
0.0065674 4.21029e-15 2.75434e-14 6.15064e-14 4.21154e-14 7.27525e-15
0.0104086 7.77915e-15 5.07685e-14 1.10914e-13 6.20701e-14 8.95919e-15
0.0164966 1.43719e-14 9.34954e-14 1.98156e-13 8.82395e-14 1.10228e-14
0.0261453 2.65489e-14 1.71981e-13 3.49437e-13 1.21437e-13 1.3561e-14
0.0414375 4.90357e-14 3.15856e-13 6.05174e-13 1.6216e-13 1.66836e-14
0.065674 9.05511e-14 5.78866e-13 1.02274e-12 2.10546e-13 2.05252e-14
0.104086 1.67171e-13 1.05781e-12 1.67457e-12 2.66844e-13 2.52514e-14
0.164966 3.08517e-13 1.92533e-12 2.63953e-12 3.32372e-13 3.10658e-14
0.261453 5.69112e-13 3.48482e-12 3.99296e-12 4.10245e-13 3.82187e-14
0.414375 1.04919e-12 6.25842e-12 5.80552e-12 5.04925e-13 4.70184e-14
0.65674 1.93268e-12 1.11166e-11 8.14577e-12 6.21196e-13 5.78435e-14
1.04086 3.55634e-12 1.94437e-11 1.10692e-11 7.64222e-13 7.11599e-14
1.64966 6.53463e-12 3.32884e-11 1.46039e-11 9.40168e-13 8.75399e-14
2.61453 1.19838e-11 5.53731e-11 1.87626e-11 1.1566e-12 1.07687e-13
4.14375 2.1919e-11 8.87883e-11 2.35948e-11 1.42283e-12 1.32463e-13
6.5674 3.9945e-11 1.36397e-10 2.92596e-11 1.75027e-12 1.62929e-13
10.4086 7.24273e-11 2.00504e-10 3.60566e-11 2.15296e-12 2.00377e-13
16.4966 1.30394e-10 2.8334e-10 4.43622e-11 2.64807e-12 2.46392e-13
26.1453 2.32414e-10 3.87618e-10 5.45693e-11 3.25664e-12 3.02896e-13
41.4375 4.08441e-10 5.16219e-10 6.71195e-11 4.00434e-12 3.72215e-13
65.674 7.03704e-10 6.71719e-10 8.25465e-11 4.92236e-12 4.57138e-13
104.086 1.17985e-09 8.56553e-10 1.01502e-10 6.04837e-12 5.60958e-13
164.966 1.90837e-09 1.07423e-09 1.24778e-10 7.42741e-12 6.87486e-13
261.453 2.9535e-09 1.33156e-09 1.53332e-10 9.11257e-12 8.40969e-13
414.375 4.35482e-09 1.64034e-09 1.88313e-10 1.11649e-11 1.02586e-12
656.74 6.13201e-09 2.01614e-09 2.31075e-10 1.3652e-11 1.24627e-12
1040.86 8.30856e-09 2.47582e-09 2.83186e-10 1.66436e-11 1.50498e-12
1649.66 1.09185e-08 3.03746e-09 3.46391e-10 2.02023e-11 1.80162e-12
2614.53 1.39972e-08 3.72142e-09 4.22518e-10 2.4366e-11 2.13003e-12
4143.75 1.75845e-08 4.55014e-09 5.13255e-10 2.91185e-11 2.47479e-12
6567.4 2.1745e-08 5.54674e-09 6.19732e-10 3.43458e-11 2.80855e-12
10408.6 2.65883e-08 6.73185e-09 7.41804e-10 3.97847e-11 3.09358e-12
16496.6 3.22458e-08 8.11767e-09 8.7697e-10 4.499e-11 3.29274e-12
26145.3 3.87988e-08 9.69806e-09 1.01903e-09 4.93789e-11 3.39002e-12
41437.5 4.62027e-08 1.14338e-08 1.15711e-09 5.24202e-11 3.40486e-12
65674 5.42285e-08 1.32353e-08 1.2764e-09 5.39315e-11 3.37712e-12
104086 6.24018e-08 1.49523e-08 1.36253e-09 5.42299e-11 3.33537e-12
164966 6.99873e-08 1.63902e-08 1.40916e-09 5.38861e-11 3.28852e-12
261453 7.61333e-08 1.73791e-08 1.42294e-09 5.33096e-11 3.23766e-12
414375 8.02542e-08 1.78773e-08 1.41831e-09 5.26387e-11 3.18284e-12
656740 8.245e-08 1.80125e-08 1.40656e-09 5.18931e-11 3.12401e-12
1.04086e+06 8.34207e-08 1.79725e-08 1.39183e-09 5.10735e-11 3.06101e-12
1.64966e+06 8.38113e-08 1.78661e-08 1.37475e-09 5.01789e-11 2.99356e-12
2.61453e+06 8.38704e-08 1.77198e-08 1.35535e-09 4.92066e-11 2.9213e-12
4.14375e+06 8.36555e-08 1.75363e-08 1.33361e-09 4.81519e-11 2.84369e-12
6.5674e+06 8.31902e-08 1.73161e-08 1.30945e-09 4.70083e-11 2.7601e-12
1.04086e+07 8.24905e-08 1.70592e-08 1.28276e-09 4.57673e-11 2.66975e-12
1.64966e+07 8.15683e-08 1.67651e-08 1.25338e-09 4.4418e-11 2.57174e-12
2.61453e+07 8.04321e-08 1.6433e-08 1.22109e-09 4.29475e-11 2.46506e-12
4.14375e+07 7.9087e-08 1.60613e-08 1.18562e-09 4.13411e-11 2.3487e-12
6.5674e+07 7.75349e-08 1.56478e-08 1.14663e-09 3.95826e-11 2.22165e-12
1.04086e+08 7.57741e-08 1.51895e-08 1.10374e-09 3.76556e-11 2.08306e-12
1.64966e+08 7.37988e-08 1.46826e-08 1.05654e-09 3.55449e-11 1.93241e-12
2.61453e+08 7.15991e-08 1.41229e-08 1.00463e-09 3.32386e-11 1.76968e-12
4.14375e+08 6.91611e-08 1.35055e-08 9.47607e-10 3.07308e-11 1.59561e-12
6.5674e+08 6.64673e-08 1.28256e-08 8.85204e-10 2.80254e-11 1.41193e-12
1.04086e+09 6.34978e-08 1.2079e-08 8.17306e-10 2.51396e-11 1.22157e-12
1.64966e+09 6.0232e-08 1.12627e-08 7.44074e-10 2.21083e-11 1.02876e-12
2.61453e+09 5.66517e-08 1.0376e-08 6.66041e-10 1.89862e-11 8.38958e-13
4.14375e+09 5.27447e-08 9.42189e-09 5.84215e-10 1.58493e-11 6.58491e-13
6.5674e+09 4.8504e-08 8.40725e-09 5.0009e-10 1.27903e-11 4.93859e-13
1.04086e+10 4.39054e-08 7.33953e-09 4.15412e-10 9.90626e-12 3.50665e-13
1.64966e+10 3.87727e-08 6.20625e-09 3.31054e-10 7.26679e-12 2.32088e-13
2.61453e+10 3.20548e-08 4.87178e-09 2.42188e-10 4.82087e-12 1.36352e-13
4.14375e+10 2.28895e-08 3.27076e-09 1.49569e-10 2.65359e-12 6.50317e-14
6.5674e+10 1.30547e-08 1.73393e-09 7.18393e-11 1.1135e-12 2.30502e-14
1.04086e+11 5.00697e-09 6.1002e-10 2.24988e-11 2.97713e-13 5.05307e-15
1.64966e+11 9.24805e-10 1.01787e-10 3.27431e-12 3.60168e-14 4.84106e-16
2.61453e+11 6.13424e-11 5.99315e-12 1.64214e-13 1.45615e-15 1.48829e-17
4.14375e+11 1.52337e-12 1.29483e-13 2.94021e-15 2.02858e-17 1.50356e-19
6.5674e+11 2.85712e-14 2.06468e-15 3.76356e-17 1.93938e-19 9.86146e-22
1.04086e+12 9.8398e-16 5.88856e-17 8.30376e-19 3.04806e-21 9.9605e-24
1.64966e+12 3.88769e-17 1.86975e-18 1.95377e-20 4.83569e-23 9.38583e-26
2.61453e+12 3.19853e-19 1.19464e-20 8.79696e-23 1.37726e-25 1.43527e-28
4.14375e+12 7.71126e-23 2.15073e-24 1.05234e-26 9.67315e-30 4.68125e-33
6.5674e+12 1.07298e-27 2.13634e-29 6.48258e-32 3.20632e-35 5.58327e-39
1.04086e+13 3.30245e-28 4.45559e-30 7.73157e-33 1.85727e-36 6.80575e-41
1.64966e+13 8.3543e-29 7.18747e-31 6.48309e-34 6.70198e-38 1.69809e-43
2.61453e+13 1.68595e-29 8.61079e-32 3.60897e-35 1.38736e-39 2.98755e-47
4.14375e+13 2.62231e-30 7.30455e-33 1.2472e-36 1.46423e-41 6.1719e-53
6.5674e+13 3.02012e-31 4.14818e-34 2.4739e-38 6.17346e-44 7.64635e-62
1.04086e+14 2.45732e-32 1.47633e-35 2.56992e-40 5.75439e-47 5.87044e-76
1.64966e+14 1.33635e-33 3.04759e-37 1.25613e-42 3.80673e-51 2.19745e-98
2.61453e+14 4.54919e-35 3.33314e-39 2.54582e-45 2.54268e-57 4.71721e-134
4.14375e+14 8.97269e-37 1.73762e-41 1.81348e-48 6.24934e-67 9.49759e-191
6.5674e+14 9.36293e-39 3.81686e-44 3.19358e-52 3.81726e-82 8.82405e-281
