4.14375e-07 9.09878e-25 5.14705e-23 2.22931e-22 3.25688e-22 3.93579e-22
6.5674e-07 3.62225e-24 2.04907e-22 8.87507e-22 1.2967e-21 1.56756e-21
1.04086e-06 1.4419e-23 8.15748e-22 3.53325e-21 5.16282e-21 6.24426e-21
1.64966e-06 5.73472e-23 3.24754e-21 1.40663e-20 2.05566e-20 2.48785e-20
2.61453e-06 -nan 1.29287e-20 5.59996e-20 8.18539e-20 9.91482e-20
4.14375e-06 -1.6804e+300 5.14651e-20 2.22944e-19 3.25953e-19 3.95285e-19
6.5674e-06 2.58871e-21 2.03683e-19 8.86567e-19 1.29703e-18 1.57557e-18
1.04086e-05 6.49102e-21 7.47776e-19 3.38289e-18 4.97822e-18 6.05812e-18
1.64966e-05 -nan 2.2389e-18 1.08211e-17 1.61099e-17 1.94816e-17
2.61453e-05 2.80649e-20 5.4368e-18 2.76552e-17 4.14728e-17 4.91282e-17
4.14375e-05 5.38061e-20 1.15387e-17 6.03993e-17 9.06192e-17 1.03764e-16
6.5674e-05 1.01162e-19 2.27966e-17 1.21002e-16 1.80661e-16 1.97253e-16
0.000104086 1.88455e-19 4.34767e-17 2.32157e-16 3.43448e-16 3.51466e-16
0.000164966 3.49561e-19 8.15325e-17 4.36186e-16 6.36572e-16 5.96617e-16
0.000261453 6.47091e-19 1.51689e-16 8.11212e-16 1.16156e-15 9.67683e-16
0.000414375 1.19673e-18 2.81157e-16 1.50084e-15 2.09306e-15 1.4962e-15
0.00065674 -nan 5.20188e-16 2.76834e-15 3.72184e-15 2.20163e-15
0.00104086 4.08851e-18 9.61551e-16 5.09502e-15 6.50969e-15 3.08935e-15
0.00164966 3.25689e+87 1.77645e-15 9.35733e-15 1.1141e-14 4.15375e-15
0.00261453 2.53696e+150 3.2807e-15 1.71429e-14 1.85346e-14 5.38449e-15
0.00414375 2.57904e-17 6.0565e-15 3.1306e-14 2.97739e-14 6.78736e-15
0.0065674 4.76424e-17 1.11763e-14 5.69232e-14 4.59768e-14 8.41425e-15
0.0104086 3.01022e+150 2.06133e-14 1.02883e-13 6.82352e-14 1.0365e-14
0.0164966 1.05787e+213 3.79933e-14 1.84397e-13 9.76584e-14 1.27527e-14
0.0261453 2.99995e-16 6.99655e-14 3.26627e-13 1.35296e-13 1.56892e-14
0.0414375 5.53645e-16 1.28691e-13 5.69141e-13 1.81904e-13 1.93019e-14
0.065674 1.02129e-15 2.36336e-13 9.69693e-13 2.37826e-13 2.37464e-14
0.104086 1.88281e-15 4.33095e-13 1.60396e-12 3.03264e-13 2.92143e-14
0.164966 3.4683e-15 7.91348e-13 2.55797e-12 3.79256e-13 3.59411e-14
0.261453 6.38208e-15 1.44012e-12 3.91638e-12 4.68899e-13 4.42166e-14
0.414375 1.1727e-14 2.60609e-12 5.7596e-12 5.77313e-13 5.43972e-14
0.65674 2.15068e-14 4.67891e-12 8.17197e-12 7.10269e-13 6.6921e-14
1.04086 3.93391e-14 8.30705e-12 1.12403e-11 8.73801e-13 8.2327e-14
1.64966 7.16976e-14 1.45174e-11 1.50401e-11 1.07497e-12 1.01277e-13
2.61453 1.30018e-13 2.48151e-11 1.96288e-11 1.32243e-12 1.24585e-13
4.14375 2.34116e-13 4.11489e-11 2.50595e-11 1.62681e-12 1.53248e-13
6.5674 4.1735e-13 6.55709e-11 3.14289e-11 2.00117e-12 1.88491e-13
10.4086 7.33384e-13 9.95537e-11 3.89509e-11 2.46152e-12 2.3181e-13
16.4966 1.26244e-12 1.43447e-10 4.79974e-11 3.02749e-12 2.85033e-13
26.1453 2.11017e-12 1.96838e-10 5.90479e-11 3.72308e-12 3.5038e-13
41.4375 3.38482e-12 2.59499e-10 7.26208e-11 4.57754e-12 4.30531e-13
65.674 5.13815e-12 3.31903e-10 8.9298e-11 5.62634e-12 5.28692e-13
104.086 7.2921e-12 4.1564e-10 1.09777e-10 6.91225e-12 6.48637e-13
164.966 9.66336e-12 5.14073e-10 1.34903e-10 8.48616e-12 7.94705e-13
261.453 1.21809e-11 6.32307e-10 1.65686e-10 1.04077e-11 9.7169e-13
414.375 1.5039e-11 7.76186e-10 2.03322e-10 1.27448e-11 1.18452e-12
656.74 1.84997e-11 9.51578e-10 2.49196e-10 1.55711e-11 1.43759e-12
1040.86 2.27496e-11 1.16459e-09 3.04854e-10 1.89605e-11 1.73347e-12
1649.66 2.79695e-11 1.42167e-09 3.71922e-10 2.29742e-11 2.07075e-12
2614.53 3.43756e-11 1.72901e-09 4.51914e-10 2.76383e-11 2.44087e-12
4143.75 4.22282e-11 2.0913e-09 5.45871e-10 3.29078e-11 2.82425e-12
6567.4 5.18363e-11 2.50949e-09 6.53727e-10 3.86151e-11 3.1879e-12
10408.6 6.35605e-11 2.97737e-09 7.73349e-10 4.4416e-11 3.48878e-12
16496.6 7.78095e-11 3.47708e-09 8.99313e-10 4.97727e-11 3.68861e-12
26145.3 9.50229e-11 3.97534e-09 1.02194e-09 5.40464e-11 3.77735e-12
41437.5 1.15633e-10 4.42485e-09 1.12788e-09 5.67575e-11 3.78389e-12
65674 1.39982e-10 4.77748e-09 1.20415e-09 5.79016e-11 3.75237e-12
104086 1.68187e-10 5.01003e-09 1.24552e-09 5.7979e-11 3.70922e-12
164966 1.99912e-10 5.14229e-09 1.25944e-09 5.75856e-11 3.66129e-12
261453 2.34078e-10 5.21772e-09 1.25979e-09 5.70353e-11 3.60943e-12
414375 2.68591e-10 5.26574e-09 1.25541e-09 5.64027e-11 3.55385e-12
656740 3.00349e-10 5.2957e-09 1.24855e-09 5.5697e-11 3.49472e-12
1.04086e+06 3.25922e-10 5.31027e-09 1.23944e-09 5.49219e-11 3.43214e-12
1.64966e+06 3.42996e-10 5.31077e-09 1.22815e-09 5.408e-11 3.36619e-12
2.61453e+06 3.51648e-10 5.29777e-09 1.21473e-09 5.31736e-11 3.2969e-12
4.14375e+06 3.53923e-10 5.27143e-09 1.19925e-09 5.22044e-11 3.22426e-12
6.5674e+06 3.52126e-10 5.23176e-09 1.18175e-09 5.11737e-11 3.14827e-12
1.04086e+07 3.47844e-10 5.17878e-09 1.1623e-09 5.00828e-11 3.06893e-12
1.64966e+07 3.41985e-10 5.11254e-09 1.14094e-09 4.89332e-11 2.98632e-12
2.61453e+07 3.35037e-10 5.03312e-09 1.11773e-09 4.77275e-11 2.90063e-12
4.14375e+07 3.27238e-10 4.94071e-09 1.09276e-09 4.64703e-11 2.81223e-12
6.5674e+07 3.18687e-10 4.83559e-09 1.06613e-09 4.51696e-11 2.7217e-12
1.04086e+08 3.094e-10 4.71826e-09 1.038e-09 4.38388e-11 2.62988e-12
1.64966e+08 2.99342e-10 4.58949e-09 1.00865e-09 4.24981e-11 2.53785e-12
2.61453e+08 2.8845e-10 4.45042e-09 9.78484e-10 4.11761e-11 2.44697e-12
4.14375e+08 2.76643e-10 4.30273e-09 9.48159e-10 3.99109e-11 2.3587e-12
6.5674e+08 2.63834e-10 4.14889e-09 9.18621e-10 3.87489e-11 2.27448e-12
1.04086e+09 2.49942e-10 3.99252e-09 8.91182e-10 3.77424e-11 2.19687e-12
1.64966e+09 2.34906e-10 3.83878e-09 8.67532e-10 3.69426e-11 2.13119e-12
2.61453e+09 2.18705e-10 3.69486e-09 8.49711e-10 3.63857e-11 2.08681e-12
4.14375e+09 2.01377e-10 3.57038e-09 8.39919e-10 3.6118e-11 2.07098e-12
6.5674e+09 1.83018e-10 3.47711e-09 8.40094e-10 3.61862e-11 2.08929e-12
1.04086e+10 1.63706e-10 3.42561e-09 8.50634e-10 3.66366e-11 2.14339e-12
1.64966e+10 1.43007e-10 3.4088e-09 8.65646e-10 3.74004e-11 2.2198e-12
2.61453e+10 1.17335e-10 3.30937e-09 8.50847e-10 3.7046e-11 2.22545e-12
4.14375e+10 8.37493e-11 2.90191e-09 7.46397e-10 3.28579e-11 1.98775e-12
6.5674e+10 4.84287e-11 2.12373e-09 5.41679e-10 2.40991e-11 1.45815e-12
1.04086e+11 1.92974e-11 1.08257e-09 2.75232e-10 1.22807e-11 7.37628e-13
1.64966e+11 3.85785e-12 2.74791e-10 7.02229e-11 3.10807e-12 1.83937e-13
2.61453e+11 2.93415e-13 2.61026e-11 6.70128e-12 2.91002e-13 1.68461e-14
4.14375e+11 8.92282e-15 9.75939e-13 2.49108e-13 1.0506e-14 5.90709e-16
6.5674e+11 2.29602e-16 2.90245e-14 7.27311e-15 2.95207e-16 1.60063e-17
1.04086e+12 1.24198e-17 1.66835e-15 4.05721e-16 1.57203e-17 8.14931e-19
1.64966e+12 8.87788e-19 1.15714e-16 2.70556e-17 9.92211e-19 4.86695e-20
2.61453e+12 1.51419e-20 1.75492e-18 3.91763e-19 1.34819e-20 6.17913e-22
4.14375e+12 8.6113e-24 8.16964e-22 1.73373e-22 5.55089e-24 2.37358e-25
6.5674e+12 3.20737e-28 2.28854e-26 4.6143e-27 1.39256e-28 5.81832e-30
1.04086e+13 2.9994e-28 1.53883e-26 2.95414e-27 8.75997e-29 3.62415e-30
1.64966e+13 2.60951e-28 9.8499e-27 1.81321e-27 5.33745e-29 2.19646e-30
2.61453e+13 2.01614e-28 6.0065e-27 1.07031e-27 3.16422e-29 1.30114e-30
4.14375e+13 1.37839e-28 3.49139e-27 6.10015e-28 1.83268e-29 7.55489e-31
6.5674e+13 8.90278e-29 1.94187e-27 3.37055e-28 1.03871e-29 4.29692e-31
1.04086e+14 5.56064e-29 1.04438e-27 1.80943e-28 5.7501e-30 2.38342e-31
1.64966e+14 3.38224e-29 5.5196e-28 9.43562e-29 3.09347e-30 1.27944e-31
2.61453e+14 2.00803e-29 2.90867e-28 4.7749e-29 1.60474e-30 6.5738e-32
4.14375e+14 1.1625e-29 1.53815e-28 2.34497e-29 7.93882e-31 3.18354e-32
6.5674e+14 6.5344e-30 8.13739e-29 1.11803e-29 3.68774e-31 1.422e-32
