4.14375e-07 1.23613e-25 1.31745e-23 1.80781e-22 3.13787e-22 3.94065e-22
6.5674e-07 4.91741e-25 5.24485e-23 7.19702e-22 1.24931e-21 1.56947e-21
1.04086e-06 1.94298e-24 2.088e-22 2.8652e-21 4.97412e-21 6.25175e-21
1.64966e-06 7.28824e-24 8.31233e-22 1.14067e-20 1.98052e-20 2.49076e-20
2.61453e-06 2.3155e-23 3.30725e-21 4.54113e-20 7.88609e-20 9.92605e-20
4.14375e-06 5.94476e-23 1.30626e-20 1.80788e-19 3.14031e-19 3.95711e-19
6.5674e-06 1.30591e-22 4.87295e-20 7.1811e-19 1.24947e-18 1.57706e-18
1.04086e-05 2.62716e-22 1.52579e-19 2.70172e-18 4.78835e-18 6.05646e-18
1.64966e-05 5.0553e-22 3.86053e-19 8.40622e-18 1.54409e-17 1.94281e-17
2.61453e-05 9.52113e-22 8.40155e-19 2.10061e-17 3.96326e-17 4.89254e-17
4.14375e-05 1.77511e-21 1.68174e-18 4.52887e-17 8.64601e-17 1.03369e-16
6.5674e-05 3.29379e-21 3.22799e-18 9.01425e-17 1.72265e-16 1.96843e-16
0.000104086 6.09816e-21 6.07205e-18 1.72424e-16 3.27491e-16 3.51756e-16
0.000164966 1.12782e-20 1.13134e-17 3.23529e-16 6.07246e-16 5.99524e-16
0.000261453 2.08476e-20 2.09842e-17 6.01414e-16 1.1089e-15 9.7734e-16
0.000414375 3.85255e-20 3.88382e-17 1.11267e-15 2.0005e-15 1.51982e-15
0.00065674 7.11798e-20 7.18064e-17 2.0529e-15 3.56319e-15 2.2493e-15
0.00104086 1.31491e-19 1.32682e-16 3.7801e-15 6.24684e-15 3.17264e-15
0.00164966 2.42859e-19 2.4507e-16 6.94738e-15 1.07256e-14 4.2844e-15
0.00261453 4.48456e-19 4.525e-16 1.27406e-14 1.7919e-14 5.57284e-15
0.00414375 8.27872e-19 8.35189e-16 2.32993e-14 2.89356e-14 7.04071e-15
0.0065674 1.52772e-18 1.54083e-15 4.24473e-14 4.49474e-14 8.73815e-15
0.0104086 2.81784e-18 2.84099e-15 7.69287e-14 6.71243e-14 1.07677e-14
0.0164966 5.19408e-18 5.23426e-15 1.38407e-13 9.6699e-14 1.32488e-14
0.0261453 9.56605e-18 9.63383e-15 2.46478e-13 1.34941e-13 1.62996e-14
0.0414375 1.75981e-17 1.77074e-14 4.32672e-13 1.82902e-13 2.00528e-14
0.065674 3.2325e-17 3.24879e-14 7.44543e-13 2.41187e-13 2.46702e-14
0.104086 5.92543e-17 5.94584e-14 1.24724e-12 3.10066e-13 3.03508e-14
0.164966 1.08314e-16 1.0845e-13 2.0185e-12 3.90254e-13 3.73393e-14
0.261453 1.9723e-16 1.96877e-13 3.13606e-12 4.84226e-13 4.59366e-14
0.414375 3.57209e-16 3.55047e-13 4.66733e-12 5.96863e-13 5.65131e-14
0.65674 6.42058e-16 6.34308e-13 6.67433e-12 7.34432e-13 6.95239e-14
1.04086 1.14166e-15 1.11813e-12 9.22346e-12 9.03529e-13 8.55287e-14
1.64966 1.99883e-15 1.93345e-12 1.238e-11 1.11154e-12 1.05215e-13
2.61453 3.42277e-15 3.25279e-12 1.62026e-11 1.3674e-12 1.29428e-13
4.14375 5.67881e-15 5.26551e-12 2.0753e-11 1.68211e-12 1.59203e-13
6.5674 9.01677e-15 8.0915e-12 2.61212e-11 2.06916e-12 1.95812e-13
10.4086 1.351e-14 1.16544e-11 3.24668e-11 2.54507e-12 2.40807e-13
16.4966 1.88961e-14 1.56685e-11 4.00637e-11 3.13012e-12 2.96083e-13
26.1453 2.47316e-14 1.99376e-11 4.92986e-11 3.84904e-12 3.6394e-13
41.4375 3.09749e-14 2.4691e-11 6.06177e-11 4.73195e-12 4.47154e-13
65.674 3.8192e-14 3.03796e-11 7.4511e-11 5.81529e-12 5.49036e-13
104.086 4.69895e-14 3.73506e-11 9.15487e-11 7.14284e-12 6.73473e-13
164.966 5.78091e-14 4.59053e-11 1.12409e-10 8.76643e-12 8.24917e-13
261.453 7.11193e-14 5.63915e-11 1.3789e-10 1.07463e-11 1.00824e-12
414.375 8.74934e-14 6.92219e-11 1.68903e-10 1.315e-11 1.2284e-12
656.74 1.07636e-13 8.48781e-11 2.06451e-10 1.60494e-11 1.48965e-12
1040.86 1.32412e-13 1.03906e-10 2.51553e-10 1.95127e-11 1.79416e-12
1649.66 1.62887e-13 1.26893e-10 3.05092e-10 2.35898e-11 2.13972e-12
2614.53 2.00366e-13 1.54417e-10 3.67536e-10 2.82859e-11 2.51632e-12
4143.75 2.4645e-13 1.86944e-10 4.38472e-10 3.3521e-11 2.90235e-12
6567.4 3.03101e-13 2.24641e-10 5.15934e-10 3.90769e-11 3.26263e-12
10408.6 3.72713e-13 2.67103e-10 5.95653e-10 4.45502e-11 3.5532e-12
16496.6 4.582e-13 3.12984e-10 6.70719e-10 4.93644e-11 3.73808e-12
26145.3 5.6309e-13 3.59706e-10 7.32644e-10 5.29191e-11 3.81299e-12
41437.5 6.91614e-13 4.0355e-10 7.74816e-10 5.48992e-11 3.81177e-12
65674 8.48781e-13 4.40602e-10 7.97096e-10 5.55321e-11 3.77775e-12
104086 1.0404e-12 4.68469e-10 8.06357e-10 5.54186e-11 3.73357e-12
164966 1.27299e-12 4.87425e-10 8.10194e-10 5.50346e-11 3.6842e-12
261453 1.55344e-12 4.995e-10 8.11851e-10 5.45419e-11 3.63009e-12
414375 1.88825e-12 5.067e-10 8.1182e-10 5.39626e-11 3.57128e-12
656740 2.28208e-12 5.10386e-10 8.10109e-10 5.32985e-11 3.50772e-12
1.04086e+06 2.7352e-12 5.11452e-10 8.06705e-10 5.25499e-11 3.43924e-12
1.64966e+06 3.23953e-12 5.10485e-10 8.01594e-10 5.17158e-11 3.36557e-12
2.61453e+06 3.77358e-12 5.07857e-10 7.94753e-10 5.07938e-11 3.28629e-12
4.14375e+06 4.29817e-12 5.03795e-10 7.86149e-10 4.97794e-11 3.20085e-12
6.5674e+06 4.75772e-12 4.98431e-10 7.75732e-10 4.86665e-11 3.10853e-12
1.04086e+07 5.09424e-12 4.9183e-10 7.63434e-10 4.74465e-11 3.00847e-12
1.64966e+07 5.27437e-12 4.84009e-10 7.49158e-10 4.61089e-11 2.89969e-12
2.61453e+07 5.3099e-12 4.74944e-10 7.32784e-10 4.46407e-11 2.78107e-12
4.14375e+07 5.24455e-12 4.64582e-10 7.14155e-10 4.30271e-11 2.65147e-12
6.5674e+07 5.11989e-12 4.52845e-10 6.93089e-10 4.12518e-11 2.50975e-12
1.04086e+08 4.96018e-12 4.39633e-10 6.69372e-10 3.9298e-11 2.35496e-12
1.64966e+08 4.77671e-12 4.24828e-10 6.42772e-10 3.715e-11 2.18649e-12
2.61453e+08 4.57393e-12 4.08294e-10 6.13052e-10 3.47952e-11 2.00429e-12
4.14375e+08 4.35292e-12 3.8989e-10 5.79994e-10 3.22271e-11 1.80913e-12
6.5674e+08 4.11319e-12 3.69478e-10 5.43433e-10 2.94486e-11 1.60292e-12
1.04086e+09 3.85372e-12 3.46944e-10 5.03306e-10 2.64766e-11 1.38887e-12
1.64966e+09 3.57366e-12 3.22226e-10 4.59703e-10 2.33454e-11 1.1717e-12
2.61453e+09 3.27289e-12 2.95345e-10 4.12939e-10 2.01102e-11 9.57486e-13
4.14375e+09 2.95251e-12 2.66448e-10 3.6361e-10 1.68482e-11 7.53335e-13
6.5674e+09 2.61501e-12 2.35817e-10 3.12603e-10 1.36542e-11 5.66595e-13
1.04086e+10 2.26329e-12 2.03779e-10 2.60958e-10 1.06285e-11 4.03655e-13
1.64966e+10 1.89447e-12 1.7015e-10 2.09157e-10 7.84317e-12 2.6821e-13
2.61453e+10 1.46919e-12 1.315e-10 1.54039e-10 5.24021e-12 1.58303e-13
4.14375e+10 9.72037e-13 8.66092e-11 9.58845e-11 2.90883e-12 7.59125e-14
6.5674e+10 5.06209e-13 4.48462e-11 4.64887e-11 1.23294e-12 2.70794e-14
1.04086e+11 1.74245e-13 1.53281e-11 1.47244e-11 3.33637e-13 5.98114e-15
1.64966e+11 2.83019e-14 2.46839e-12 2.17224e-12 4.09484e-14 5.78112e-16
2.61453e+11 1.61168e-15 1.39123e-13 1.10762e-13 1.68438e-15 1.7959e-17
4.14375e+11 3.34014e-17 2.84811e-15 2.02383e-15 2.39573e-17 1.83676e-19
6.5674e+11 5.05573e-19 4.24886e-17 2.65634e-17 2.34824e-19 1.22232e-21
1.04086e+12 1.35058e-20 1.11581e-18 6.04645e-19 3.80308e-21 1.25618e-23
1.64966e+12 3.9489e-22 3.1978e-20 1.47926e-20 6.25517e-23 1.20911e-25
2.61453e+12 2.27356e-24 1.79856e-22 6.99539e-23 1.86043e-25 1.90073e-28
4.14375e+12 3.58854e-28 2.76253e-26 8.90203e-27 1.37631e-29 6.45517e-33
6.5674e+12 3.0191e-33 2.2518e-31 5.9282e-32 4.85434e-35 8.27308e-39
1.04086e+13 5.10867e-34 3.67326e-32 7.7973e-33 3.02838e-36 1.16483e-40
1.64966e+13 6.3408e-35 4.37037e-33 7.38793e-34 1.19421e-37 3.82374e-43
2.61453e+13 5.47948e-36 3.59719e-34 4.78464e-35 2.75494e-39 1.09074e-46
4.14375e+13 3.10239e-37 1.92599e-35 1.99099e-36 3.36685e-41 5.20357e-52
6.5674e+13 1.07215e-38 6.24417e-37 4.94993e-38 1.84537e-43 2.59128e-60
1.04086e+14 2.08244e-40 1.12778e-38 6.75122e-40 3.042e-46 1.8306e-73
1.64966e+14 2.0648e-42 1.02987e-40 4.57117e-42 6.20607e-50 2.31132e-94
2.61453e+14 9.34329e-45 4.24786e-43 1.3671e-44 3.29441e-55 1.31805e-127
4.14375e+14 1.69324e-47 6.94085e-46 1.57445e-47 2.98258e-63 1.85173e-180
6.5674e+14 1.05536e-50 3.85576e-49 5.88571e-51 6.29678e-76 2.1266e-264
