4.14375e-07 1.23613e-25 1.31745e-23 1.80781e-22 3.13787e-22 3.94065e-22
6.5674e-07 4.91741e-25 5.24485e-23 7.19702e-22 1.24931e-21 1.56947e-21
1.04086e-06 1.94298e-24 2.088e-22 2.8652e-21 4.97412e-21 6.25175e-21
1.64966e-06 7.28824e-24 8.31233e-22 1.14067e-20 1.98052e-20 2.49076e-20
2.61453e-06 -nan 3.30725e-21 4.54113e-20 7.88609e-20 9.92605e-20
4.14375e-06 -1.33599e+306 1.30626e-20 1.80788e-19 3.14031e-19 3.95711e-19
6.5674e-06 1.30591e-22 4.87295e-20 7.1811e-19 1.24947e-18 1.57706e-18
1.04086e-05 2.62716e-22 1.52579e-19 2.70172e-18 4.78835e-18 6.05646e-18
1.64966e-05 -nan 3.86053e-19 8.40622e-18 1.54409e-17 1.94281e-17
2.61453e-05 9.52113e-22 8.40155e-19 2.10061e-17 3.96326e-17 4.89254e-17
4.14375e-05 1.77511e-21 1.68174e-18 4.52887e-17 8.64601e-17 1.03369e-16
6.5674e-05 3.29379e-21 3.22799e-18 9.01425e-17 1.72265e-16 1.96843e-16
0.000104086 6.09816e-21 6.07205e-18 1.72424e-16 3.27491e-16 3.51756e-16
0.000164966 1.12782e-20 1.13134e-17 3.23529e-16 6.07246e-16 5.99524e-16
0.000261453 2.08476e-20 2.09842e-17 6.01414e-16 1.1089e-15 9.7734e-16
0.000414375 3.85255e-20 3.88382e-17 1.11267e-15 2.0005e-15 1.51982e-15
0.00065674 7.11798e-20 7.18064e-17 2.0529e-15 3.56319e-15 2.2493e-15
0.00104086 1.31491e-19 1.32682e-16 3.7801e-15 6.24684e-15 3.17264e-15
0.00164966 -nan 2.4507e-16 6.94738e-15 1.07256e-14 4.2844e-15
0.00261453 4.48456e-19 4.525e-16 1.27406e-14 1.7919e-14 5.57284e-15
0.00414375 3.25689e+87 8.35189e-16 2.32993e-14 2.89356e-14 7.04071e-15
0.0065674 2.53696e+150 1.54083e-15 4.24473e-14 4.49474e-14 8.73815e-15
0.0104086 2.81784e-18 2.84099e-15 7.69287e-14 6.71243e-14 1.07677e-14
0.0164966 5.19408e-18 5.23426e-15 1.38407e-13 9.6699e-14 1.32488e-14
0.0261453 3.01022e+150 9.63383e-15 2.46478e-13 1.34941e-13 1.62996e-14
0.0414375 1.05787e+213 1.77074e-14 4.32672e-13 1.82902e-13 2.00528e-14
0.065674 3.2325e-17 3.24879e-14 7.44543e-13 2.41187e-13 2.46702e-14
0.104086 5.92543e-17 5.94584e-14 1.24724e-12 3.10066e-13 3.03508e-14
0.164966 1.08314e-16 1.0845e-13 2.0185e-12 3.90254e-13 3.73393e-14
0.261453 1.9723e-16 1.96877e-13 3.13606e-12 4.84226e-13 4.59367e-14
0.414375 3.57209e-16 3.55047e-13 4.66733e-12 5.96863e-13 5.65132e-14
0.65674 6.42058e-16 6.34308e-13 6.67433e-12 7.34432e-13 6.95241e-14
1.04086 1.14166e-15 1.11813e-12 9.22346e-12 9.03529e-13 8.55291e-14
1.64966 1.99883e-15 1.93345e-12 1.238e-11 1.11154e-12 1.05216e-13
2.61453 3.42277e-15 3.25279e-12 1.62026e-11 1.3674e-12 1.29429e-13
4.14375 5.67881e-15 5.26551e-12 2.0753e-11 1.68211e-12 1.59205e-13
6.5674 9.01677e-15 8.0915e-12 2.61212e-11 2.06916e-12 1.95815e-13
10.4086 1.351e-14 1.16544e-11 3.24668e-11 2.54508e-12 2.40813e-13
16.4966 1.88961e-14 1.56685e-11 4.00637e-11 3.13013e-12 2.96093e-13
26.1453 2.47316e-14 1.99376e-11 4.92986e-11 3.84905e-12 3.63958e-13
41.4375 3.09749e-14 2.4691e-11 6.06177e-11 4.73196e-12 4.47182e-13
65.674 3.8192e-14 3.03796e-11 7.4511e-11 5.81532e-12 5.4908e-13
104.086 4.69895e-14 3.73506e-11 9.15487e-11 7.14289e-12 6.73541e-13
164.966 5.78091e-14 4.59053e-11 1.12409e-10 8.76652e-12 8.25019e-13
261.453 7.11193e-14 5.63915e-11 1.3789e-10 1.07464e-11 1.0084e-12
414.375 8.74934e-14 6.92219e-11 1.68903e-10 1.31503e-11 1.22862e-12
656.74 1.07636e-13 8.48781e-11 2.06451e-10 1.60499e-11 1.48996e-12
1040.86 1.32412e-13 1.03906e-10 2.51553e-10 1.95135e-11 1.79461e-12
1649.66 1.62887e-13 1.26893e-10 3.05092e-10 2.3591e-11 2.14033e-12
2614.53 2.00366e-13 1.54417e-10 3.67536e-10 2.82879e-11 2.51716e-12
4143.75 2.4645e-13 1.86944e-10 4.38473e-10 3.35242e-11 2.90349e-12
6567.4 3.03101e-13 2.24641e-10 5.15936e-10 3.90818e-11 3.26416e-12
10408.6 3.72713e-13 2.67103e-10 5.95657e-10 4.45577e-11 3.55524e-12
16496.6 4.582e-13 3.12984e-10 6.70726e-10 4.93756e-11 3.74078e-12
26145.3 5.6309e-13 3.59706e-10 7.32655e-10 5.29355e-11 3.81656e-12
41437.5 6.91614e-13 4.0355e-10 7.74836e-10 5.49229e-11 3.81646e-12
65674 8.48781e-13 4.40602e-10 7.97131e-10 5.5566e-11 3.78388e-12
104086 1.0404e-12 4.68469e-10 8.06417e-10 5.54664e-11 3.74155e-12
164966 1.27299e-12 4.87425e-10 8.10296e-10 5.51014e-11 3.69457e-12
261453 1.55344e-12 4.99502e-10 8.1202e-10 5.4634e-11 3.64353e-12
414375 1.88825e-12 5.06703e-10 8.12097e-10 5.40883e-11 3.58864e-12
656740 2.28208e-12 5.10391e-10 8.10552e-10 5.34686e-11 3.5301e-12
1.04086e+06 2.7352e-12 5.11461e-10 8.07402e-10 5.27781e-11 3.46804e-12
1.64966e+06 3.23953e-12 5.10502e-10 8.02668e-10 5.202e-11 3.40254e-12
2.61453e+06 3.77358e-12 5.07889e-10 7.96375e-10 5.11966e-11 3.33365e-12
4.14375e+06 4.29817e-12 5.03852e-10 7.88556e-10 5.03102e-11 3.2614e-12
6.5674e+06 4.75773e-12 4.98531e-10 7.79247e-10 4.93627e-11 3.18581e-12
1.04086e+07 5.09426e-12 4.92003e-10 7.68488e-10 4.8356e-11 3.10693e-12
1.64966e+07 5.2744e-12 4.84307e-10 7.56327e-10 4.72926e-11 3.02487e-12
2.61453e+07 5.30996e-12 4.7545e-10 7.42823e-10 4.6176e-11 2.93988e-12
4.14375e+07 5.24464e-12 4.65424e-10 7.28054e-10 4.50119e-11 2.85238e-12
6.5674e+07 5.12004e-12 4.54216e-10 7.12125e-10 4.38097e-11 2.76303e-12
1.04086e+08 4.96042e-12 4.41813e-10 6.95192e-10 4.2584e-11 2.67273e-12
1.64966e+08 4.7771e-12 4.28205e-10 6.7749e-10 4.13563e-11 2.58264e-12
2.61453e+08 4.57454e-12 4.13381e-10 6.59366e-10 4.01567e-11 2.49419e-12
4.14375e+08 4.35384e-12 3.97348e-10 6.41331e-10 3.90245e-11 2.40887e-12
6.5674e+08 4.11453e-12 3.80148e-10 6.24114e-10 3.80075e-11 2.32809e-12
1.04086e+09 3.85563e-12 3.61905e-10 6.08702e-10 3.71586e-11 2.25432e-12
1.64966e+09 3.57634e-12 3.42855e-10 5.96345e-10 3.6529e-11 2.19289e-12
2.61453e+09 3.27658e-12 3.23394e-10 5.88502e-10 3.61552e-11 2.15319e-12
4.14375e+09 2.95751e-12 3.04103e-10 5.86744e-10 3.60776e-11 2.14263e-12
6.5674e+09 2.62171e-12 2.85735e-10 5.92387e-10 3.63379e-11 2.16669e-12
1.04086e+10 2.27214e-12 2.68971e-10 6.05619e-10 3.69642e-11 2.22688e-12
1.64966e+10 1.90589e-12 2.53236e-10 6.21785e-10 3.78638e-11 2.30896e-12
2.61453e+10 1.48305e-12 2.30881e-10 6.15621e-10 3.75909e-11 2.31594e-12
4.14375e+10 9.86622e-13 1.89699e-10 5.43169e-10 3.33771e-11 2.06826e-12
6.5674e+10 5.18559e-13 1.30418e-10 3.95996e-10 2.44791e-11 1.5162e-12
1.04086e+11 1.81285e-13 6.26676e-11 2.01522e-10 1.24629e-11 7.66147e-13
1.64966e+11 3.02377e-14 1.53066e-11 5.13281e-11 3.14921e-12 1.90764e-13
2.61453e+11 1.81148e-15 1.43406e-12 4.87413e-12 2.9423e-13 1.74382e-14
4.14375e+11 4.15385e-17 5.37356e-14 1.79755e-13 1.05944e-14 6.10028e-16
6.5674e+11 7.71814e-19 1.62137e-15 5.19266e-15 2.96714e-16 1.64822e-17
1.04086e+12 3.07067e-20 9.55822e-17 2.85959e-16 1.57362e-17 8.36119e-19
1.64966e+12 1.78269e-21 6.87025e-18 1.8763e-17 9.87808e-19 4.97123e-20
2.61453e+12 2.80073e-23 1.09245e-19 2.66235e-19 1.33235e-20 6.2774e-22
4.14375e+12 1.60311e-26 5.40598e-23 1.1477e-22 5.43333e-24 2.40378e-25
6.5674e+12 6.31011e-31 1.63957e-27 3.02141e-27 1.36245e-28 5.89255e-30
1.04086e+13 6.46713e-31 1.21071e-27 1.99462e-27 8.6178e-29 3.67059e-30
1.64966e+13 6.46617e-31 8.52526e-28 1.26331e-27 5.27355e-29 2.22489e-30
2.61453e+13 6.21465e-31 5.7619e-28 7.67453e-28 3.13532e-29 1.31825e-30
4.14375e+13 5.61892e-31 3.73527e-28 4.47813e-28 1.81869e-29 7.65626e-31
6.5674e+13 4.59033e-31 2.3155e-28 2.51606e-28 1.03137e-29 4.35584e-31
1.04086e+14 3.21046e-31 1.36903e-28 1.36448e-28 5.71008e-30 2.41688e-31
1.64966e+14 2.05778e-31 7.73689e-29 7.15498e-29 3.07177e-30 1.2979e-31
2.61453e+14 1.26569e-31 4.22123e-29 3.63418e-29 1.59342e-30 6.67207e-32
4.14375e+14 7.50135e-32 2.2517e-29 1.79194e-29 7.88379e-31 3.23339e-32
6.5674e+14 4.26153e-32 1.1817e-29 8.59111e-30 3.66407e-31 1.44571e-32
