4.14375e-07 1.11315e-36 6.59571e-35 1.46833e-33 2.02556e-32 1.4464e-31
6.5674e-07 4.85308e-36 2.87561e-34 6.40162e-33 8.82901e-32 6.29793e-31
1.04086e-06 1.59914e-35 9.47555e-34 2.10941e-32 2.90853e-31 2.07237e-30
1.64966e-06 4.71927e-35 2.79637e-33 6.22507e-32 8.58102e-31 6.10674e-30
2.61453e-06 1.31522e-34 7.79332e-33 1.73485e-31 2.39073e-30 1.69921e-29
4.14375e-06 3.54354e-34 2.09973e-32 4.67404e-31 6.43908e-30 4.57038e-29
6.5674e-06 9.34419e-34 5.53693e-32 1.23249e-30 1.69735e-29 1.20303e-28
1.04086e-05 2.42906e-33 1.43935e-31 3.2038e-30 4.41055e-29 3.12128e-28
1.64966e-05 6.25286e-33 3.70515e-31 8.2468e-30 1.13486e-28 8.01797e-28
2.61453e-05 1.59861e-32 9.47261e-31 2.10826e-29 2.89992e-28 2.04515e-27
4.14375e-05 4.06722e-32 2.41001e-30 5.36342e-29 7.37362e-28 5.18977e-27
6.5674e-05 1.03119e-31 6.11017e-30 1.35967e-28 1.86813e-27 1.31184e-26
0.000104086 2.60786e-31 1.54523e-29 3.43809e-28 4.72019e-27 3.30579e-26
0.000164966 6.58322e-31 3.9006e-29 8.67724e-28 1.19014e-26 8.30867e-26
0.000261453 1.65964e-30 9.83301e-29 2.1869e-27 2.9956e-26 2.08315e-25
0.000414375 4.1799e-30 2.47632e-28 5.50553e-27 7.52816e-26 5.20944e-25
0.00065674 1.05198e-29 6.23161e-28 1.38476e-26 1.8889e-25 1.29885e-24
0.00104086 2.64615e-29 1.56725e-27 3.48014e-26 4.73112e-25 3.2261e-24
0.00164966 6.65348e-29 3.93977e-27 8.73911e-26 1.18244e-24 7.97307e-24
0.00261453 1.67243e-28 9.89959e-27 2.19253e-25 2.94697e-24 1.95737e-23
0.00414375 4.20283e-28 2.48646e-26 5.49464e-25 7.31729e-24 4.763e-23
0.0065674 1.05594e-27 6.24228e-26 1.37499e-24 1.80774e-23 1.14583e-22
0.0104086 2.65246e-27 1.56623e-25 3.43402e-24 4.43596e-23 2.71759e-22
0.0164966 6.6613e-27 3.9268e-25 8.55305e-24 1.07885e-22 6.33907e-22
0.0261453 1.67244e-26 9.8349e-25 2.1223e-23 2.59384e-22 1.45244e-21
0.0414375 4.19746e-26 2.45963e-24 5.23913e-23 6.14861e-22 3.2658e-21
0.065674 1.05295e-25 6.1388e-24 1.28438e-22 1.43387e-21 7.11466e-21
0.104086 2.63954e-25 1.52776e-23 3.11988e-22 3.28625e-21 1.46892e-20
0.164966 6.61023e-25 3.787e-23 7.48979e-22 7.39273e-21 2.89593e-20
0.261453 1.65307e-24 9.33605e-23 1.77234e-21 1.60729e-20 5.52451e-20
0.414375 4.12563e-24 2.2847e-22 4.12554e-21 3.32084e-20 1.03072e-19
0.65674 1.02674e-23 5.53699e-22 9.43882e-21 6.59033e-20 1.89142e-19
1.04086 2.54514e-23 1.32539e-21 2.11878e-20 1.27189e-19 3.42348e-19
1.64966 6.27484e-23 3.12539e-21 4.58003e-20 2.40923e-19 6.11884e-19
2.61453 1.53569e-22 7.24692e-21 9.42338e-20 4.50672e-19 1.07996e-18
4.14375 3.72217e-22 1.65139e-20 1.86712e-19 8.35443e-19 1.88093e-18
6.5674 8.91094e-22 3.68812e-20 3.60637e-19 1.53775e-18 3.22876e-18
10.4086 2.10158e-21 7.8854e-20 6.85297e-19 2.813e-18 5.45406e-18
16.4966 4.87357e-21 1.60416e-19 1.28878e-18 5.11546e-18 9.05087e-18
26.1453 1.11068e-20 3.15258e-19 2.40723e-18 9.24552e-18 1.47319e-17
41.4375 2.48131e-20 6.05949e-19 4.47538e-18 1.65976e-17 2.34905e-17
65.674 5.30892e-20 1.14844e-18 8.29262e-18 2.9568e-17 3.66718e-17
104.086 1.07988e-19 2.15737e-18 1.53265e-17 5.22087e-17 5.60548e-17
164.966 2.12168e-19 4.02945e-18 2.82658e-17 9.124e-17 8.39495e-17
261.453 4.0778e-19 7.49769e-18 5.20255e-17 1.57559e-16 1.23303e-16
414.375 7.72927e-19 1.3916e-17 9.55635e-17 2.68382e-16 1.77824e-16
656.74 1.45215e-18 2.57841e-17 1.75147e-16 4.50142e-16 2.52164e-16
1040.86 2.71274e-18 4.77155e-17 3.20186e-16 7.42207e-16 3.5219e-16
1649.66 5.04889e-18 8.82211e-17 5.83554e-16 1.20153e-15 4.85396e-16
2614.53 9.37399e-18 1.62992e-16 1.05967e-15 1.90848e-15 6.61467e-16
4143.75 1.7376e-17 3.00939e-16 1.91572e-15 2.9745e-15 8.92939e-16
6567.4 3.21743e-17 5.55279e-16 3.4448e-15 4.55201e-15 1.19594e-15
10408.6 5.95319e-17 1.02387e-15 6.15441e-15 6.84701e-15 1.59115e-15
16496.6 1.10096e-16 1.88638e-15 1.09103e-14 1.01337e-14 2.10494e-15
26145.3 2.03535e-16 3.4722e-15 1.91639e-14 1.47712e-14 2.77096e-15
41437.5 3.76176e-16 6.38373e-15 3.32974e-14 2.12233e-14 3.63209e-15
65674 6.95105e-16 1.17199e-14 5.7128e-14 3.00806e-14 4.74284e-15
104086 1.28419e-15 2.14782e-14 9.66054e-14 4.20886e-14 6.17246e-15
164966 2.37207e-15 3.92749e-14 1.60729e-13 5.81879e-14 8.00883e-15
261453 4.38069e-15 7.16216e-14 2.62702e-13 7.95717e-14 1.03634e-14
414375 8.08837e-15 1.30169e-13 4.21359e-13 1.07768e-13 1.3377e-14
656740 1.493e-14 2.35595e-13 6.62983e-13 1.44745e-13 1.72279e-14
1.04086e+06 2.75491e-14 4.24248e-13 1.02367e-12 1.93035e-13 2.21407e-14
1.64966e+06 5.08118e-14 7.59256e-13 1.55234e-12 2.55876e-13 2.83981e-14
2.61453e+06 9.36656e-14 1.3487e-12 2.31434e-12 3.37396e-13 3.63547e-14
4.14375e+06 1.7254e-13 2.37441e-12 3.39558e-12 4.42843e-13 4.6455e-14
6.5674e+06 3.1755e-13 4.13602e-12 4.90728e-12 5.78866e-13 5.92545e-14
1.04086e+07 5.8378e-13 7.11525e-12 6.99154e-12 7.53871e-13 7.5444e-14
1.64966e+07 1.07169e-12 1.20647e-11 9.82798e-12 9.78463e-13 9.5871e-14
2.61453e+07 1.96394e-12 2.01227e-11 1.36426e-11 1.26598e-12 1.21559e-13
4.14375e+07 3.5911e-12 3.29521e-11 1.87203e-11 1.63309e-12 1.53715e-13
6.5674e+07 6.5484e-12 5.2901e-11 2.54218e-11 2.1005e-12 1.93688e-13
1.04086e+08 1.19005e-11 8.31915e-11 3.42075e-11 2.6934e-12 2.42878e-13
1.64966e+08 2.15365e-11 1.2816e-10 4.56635e-11 3.44172e-12 3.02606e-13
2.61453e+08 3.87745e-11 1.93571e-10 6.05304e-11 4.3793e-12 3.74001e-13
4.14375e+08 6.93712e-11 2.87034e-10 7.97277e-11 5.54223e-12 4.57528e-13
6.5674e+08 1.23164e-10 4.18515e-10 1.04368e-10 6.96461e-12 5.52796e-13
1.04086e+09 2.16653e-10 6.0083e-10 1.35751e-10 8.67329e-12 6.5937e-13
1.64966e+09 3.76885e-10 8.50074e-10 1.75273e-10 1.06795e-11 7.78095e-13
2.61453e+09 6.47036e-10 1.18587e-09 2.24315e-10 1.29627e-11 9.11751e-13
4.14375e+09 1.09387e-09 1.63111e-09 2.83941e-10 1.54961e-11 1.06049e-12
6.5674e+09 1.81614e-09 2.21024e-09 3.54536e-10 1.8241e-11 1.22313e-12
1.04086e+10 2.95027e-09 2.94252e-09 4.34806e-10 2.11701e-11 1.39617e-12
1.64966e+10 4.6483e-09 3.81927e-09 5.1843e-10 2.41692e-11 1.56618e-12
2.61453e+10 6.82159e-09 4.64224e-09 5.78036e-10 2.61059e-11 1.66034e-12
4.14375e+10 8.61439e-09 4.8796e-09 5.5847e-10 2.46652e-11 1.53821e-12
6.5674e+10 8.66461e-09 4.09871e-09 4.36282e-10 1.88954e-11 1.15433e-12
1.04086e+11 5.8712e-09 2.31564e-09 2.34292e-10 9.90846e-12 5.92198e-13
1.64966e+11 1.92596e-09 6.35166e-10 6.2157e-11 2.55446e-12 1.49075e-13
2.61453e+11 2.28859e-10 6.36269e-11 6.09518e-12 2.42167e-13 1.37591e-14
4.14375e+11 1.02402e-11 2.45826e-12 2.3111e-13 8.82753e-15 4.86231e-16
6.5674e+11 3.47364e-13 7.49833e-14 6.85799e-15 2.50272e-16 1.3292e-17
1.04086e+12 2.21012e-14 4.41586e-15 3.8853e-16 1.34563e-17 6.83958e-19
1.64966e+12 1.67302e-15 3.15218e-16 2.63504e-17 8.59063e-19 4.13742e-20
2.61453e+12 2.76877e-17 4.97185e-18 3.89563e-19 1.18361e-20 5.33321e-22
4.14375e+12 1.43e-20 2.44507e-21 1.77102e-22 4.95635e-24 2.07415e-25
6.5674e+12 4.62701e-25 7.3881e-26 4.88367e-27 1.25737e-28 5.11089e-30
1.04086e+13 3.60975e-25 5.2349e-26 3.16166e-27 7.9148e-29 3.19754e-30
1.64966e+13 2.47175e-25 3.23441e-26 1.91528e-27 4.82482e-29 1.9438e-30
2.61453e+13 1.45106e-25 1.8417e-26 1.11938e-27 2.86102e-29 1.15319e-30
4.14375e+13 8.26716e-26 1.00707e-26 6.34201e-28 1.65719e-29 6.69787e-31
6.5674e+13 4.68211e-26 5.33958e-27 3.49609e-28 9.39286e-30 3.80816e-31
1.04086e+14 2.65795e-26 2.77868e-27 1.87701e-28 5.20028e-30 2.111e-31
1.64966e+14 1.51489e-26 1.43664e-27 9.79648e-29 2.79812e-30 1.13229e-31
2.61453e+14 8.64721e-27 7.45054e-28 4.95552e-29 1.45168e-30 5.81163e-32
4.14375e+14 4.92104e-27 3.89144e-28 2.42495e-29 7.1806e-31 2.81038e-32
6.5674e+14 2.77517e-27 2.04001e-28 1.14718e-29 3.33337e-31 1.25278e-32
