4.14375e-07 2.1229e-23 1.05956e-22 2.37699e-22 3.1102e-22 3.66521e-22
6.5674e-07 8.45141e-23 4.21818e-22 9.463e-22 1.2383e-21 1.45983e-21
1.04086e-06 3.36456e-22 1.67928e-21 3.76731e-21 4.93036e-21 5.81527e-21
1.64966e-06 1.33945e-21 6.68533e-21 1.49981e-20 1.96312e-20 2.31702e-20
2.61453e-06 -nan 2.66147e-20 5.97097e-20 7.817e-20 9.23451e-20
4.14375e-06 -2.77691e+304 1.05955e-19 2.37715e-19 3.11288e-19 3.6819e-19
6.5674e-06 8.42919e-20 4.21323e-19 9.4547e-19 1.23858e-18 1.46746e-18
1.04086e-05 3.16924e-19 1.60696e-18 3.61795e-18 4.74489e-18 5.62055e-18
1.64966e-05 -nan 5.13549e-18 1.16466e-17 1.52824e-17 1.78922e-17
2.61453e-05 2.46231e-18 1.31166e-17 2.99258e-17 3.91715e-17 4.46806e-17
4.14375e-05 5.31015e-18 2.8647e-17 6.55624e-17 8.53492e-17 9.37022e-17
6.5674e-05 1.0576e-17 5.74202e-17 1.31547e-16 1.69853e-16 1.77146e-16
0.000104086 2.02493e-17 1.10271e-16 2.52556e-16 3.22484e-16 3.13978e-16
0.000164966 3.80464e-17 2.07464e-16 4.74612e-16 5.9698e-16 5.29829e-16
0.000261453 7.08543e-17 3.86549e-16 8.82639e-16 1.08775e-15 8.53397e-16
0.000414375 1.31407e-16 7.16918e-16 1.63265e-15 1.95638e-15 1.30925e-15
0.00065674 2.43239e-16 1.32669e-15 3.01044e-15 3.46985e-15 1.91126e-15
0.00104086 4.49836e-16 2.45232e-15 5.53786e-15 6.04751e-15 2.6618e-15
0.00164966 8.3155e-16 4.52993e-15 1.01637e-14 1.03006e-14 3.55439e-15
0.00261453 1.53684e-15 8.36356e-15 1.86027e-14 1.70308e-14 4.58067e-15
0.00414375 -nan 1.54341e-14 3.39276e-14 2.71546e-14 5.75071e-15
0.0065674 5.24765e-15 2.84666e-14 6.15786e-14 4.15894e-14 7.1158e-15
0.0104086 3.25689e+87 5.24675e-14 1.11016e-13 6.12189e-14 8.76173e-15
0.0164966 2.53696e+150 9.66174e-14 1.98269e-13 8.69311e-14 1.07797e-14
0.0261453 3.30878e-14 1.77707e-13 3.49463e-13 1.19513e-13 1.3262e-14
0.0414375 6.11105e-14 3.26331e-13 6.04795e-13 1.59422e-13 1.63157e-14
0.065674 3.01022e+150 5.97962e-13 1.02111e-12 2.06774e-13 2.00727e-14
0.104086 1.05787e+213 1.09245e-12 1.66973e-12 2.6181e-13 2.46947e-14
0.164966 3.84399e-13 1.98772e-12 2.62763e-12 3.25856e-13 3.03808e-14
0.261453 7.08998e-13 3.59612e-12 3.96756e-12 4.02054e-13 3.73761e-14
0.414375 1.30685e-12 6.45414e-12 5.75736e-12 4.94803e-13 4.59818e-14
0.65674 2.40677e-12 1.14538e-11 8.06244e-12 6.0874e-13 5.65683e-14
1.04086 4.42735e-12 2.00074e-11 1.09346e-11 7.48899e-13 6.95913e-14
1.64966 8.13171e-12 3.41912e-11 1.43994e-11 9.21318e-13 8.56105e-14
2.61453 1.49043e-11 5.67331e-11 1.84684e-11 1.13341e-12 1.05314e-13
4.14375 2.72395e-11 9.06731e-11 2.31929e-11 1.39431e-12 1.29545e-13
6.5674 4.95876e-11 1.3875e-10 2.87396e-11 1.71519e-12 1.59341e-13
10.4086 8.97758e-11 2.03123e-10 3.54085e-11 2.10981e-12 1.95968e-13
16.4966 1.61286e-10 2.85949e-10 4.35638e-11 2.59501e-12 2.40973e-13
26.1453 2.86626e-10 3.89901e-10 5.35874e-11 3.19141e-12 2.96241e-13
41.4375 5.01648e-10 5.17711e-10 6.59122e-11 3.92417e-12 3.64049e-13
65.674 8.59521e-10 6.71708e-10 8.10625e-11 4.82388e-12 4.47127e-13
104.086 1.43096e-09 8.54159e-10 9.96785e-11 5.92749e-12 5.48704e-13
164.966 2.29581e-09 1.06873e-09 1.22539e-10 7.27922e-12 6.72518e-13
261.453 3.52602e-09 1.32282e-09 1.50586e-10 8.93119e-12 8.22745e-13
414.375 5.17476e-09 1.62871e-09 1.84948e-10 1.09435e-11 1.00377e-12
656.74 7.29019e-09 2.0018e-09 2.26962e-10 1.33827e-11 1.21968e-12
1040.86 9.93637e-09 2.45854e-09 2.78174e-10 1.63177e-11 1.47327e-12
1649.66 1.31906e-08 3.01689e-09 3.40313e-10 1.98112e-11 1.76434e-12
2614.53 1.71304e-08 3.69738e-09 4.15197e-10 2.3902e-11 2.08707e-12
4143.75 2.18271e-08 4.52285e-09 5.04528e-10 2.85771e-11 2.42667e-12
6567.4 2.73523e-08 5.51725e-09 6.09488e-10 3.3729e-11 2.75659e-12
10408.6 3.37945e-08 6.7028e-09 7.30051e-10 3.91044e-11 3.03992e-12
16496.6 4.12739e-08 8.09455e-09 8.63927e-10 4.42709e-11 3.23976e-12
26145.3 4.99225e-08 9.691e-09 1.00524e-09 4.86558e-11 3.3393e-12
41437.5 5.97939e-08 1.146e-08 1.1435e-09 5.17268e-11 3.35658e-12
65674 7.07296e-08 1.33208e-08 1.26417e-09 5.32843e-11 3.33082e-12
104086 8.22462e-08 1.51314e-08 1.35268e-09 5.36236e-11 3.29099e-12
164966 9.3472e-08 1.66972e-08 1.4019e-09 5.33082e-11 3.24648e-12
261453 1.03218e-07 1.78295e-08 1.41747e-09 5.27567e-11 3.19857e-12
414375 1.10353e-07 1.8448e-08 1.41355e-09 5.2117e-11 3.14747e-12
656740 1.1446e-07 1.86467e-08 1.40195e-09 5.14128e-11 3.0933e-12
1.04086e+06 1.16208e-07 1.86169e-08 1.38735e-09 5.06477e-11 3.03614e-12
1.64966e+06 1.16732e-07 1.84979e-08 1.3706e-09 4.98239e-11 2.97601e-12
2.61453e+06 1.16703e-07 1.83353e-08 1.3518e-09 4.89428e-11 2.9129e-12
4.14375e+06 1.16297e-07 1.81357e-08 1.33101e-09 4.80055e-11 2.84676e-12
6.5674e+06 1.15555e-07 1.78998e-08 1.30828e-09 4.70122e-11 2.77752e-12
1.04086e+07 1.145e-07 1.76282e-08 1.28363e-09 4.5963e-11 2.70512e-12
1.64966e+07 1.13148e-07 1.73212e-08 1.2571e-09 4.48582e-11 2.62956e-12
2.61453e+07 1.1151e-07 1.69789e-08 1.22868e-09 4.36987e-11 2.55091e-12
4.14375e+07 1.09594e-07 1.66014e-08 1.19839e-09 4.2487e-11 2.4694e-12
6.5674e+07 1.07404e-07 1.61885e-08 1.16628e-09 4.12284e-11 2.38543e-12
1.04086e+08 1.04938e-07 1.57403e-08 1.13242e-09 3.99328e-11 2.29961e-12
1.64966e+08 1.0219e-07 1.52573e-08 1.09702e-09 3.86159e-11 2.2128e-12
2.61453e+08 9.91483e-08 1.47406e-08 1.0604e-09 3.73007e-11 2.12615e-12
4.14375e+08 9.57993e-08 1.41928e-08 1.02314e-09 3.60188e-11 2.04089e-12
6.5674e+08 9.21266e-08 1.36191e-08 9.86074e-10 3.48093e-11 1.95831e-12
1.04086e+09 8.81165e-08 1.30279e-08 9.50437e-10 3.37172e-11 1.88086e-12
1.64966e+09 8.3763e-08 1.24323e-08 9.17813e-10 3.27882e-11 1.8135e-12
2.61453e+09 7.90769e-08 1.18515e-08 8.90155e-10 3.2057e-11 1.76447e-12
4.14375e+09 7.40973e-08 1.13121e-08 8.69575e-10 3.15695e-11 1.74017e-12
6.5674e+09 6.88982e-08 1.08462e-08 8.57937e-10 3.13772e-11 1.74574e-12
1.04086e+10 6.35621e-08 1.04816e-08 8.55684e-10 3.15444e-11 1.78306e-12
1.64966e+10 5.79739e-08 1.01982e-08 8.57239e-10 3.20233e-11 1.84135e-12
2.61453e+10 5.05891e-08 9.65827e-09 8.29926e-10 3.15986e-11 1.84382e-12
4.14375e+10 3.94464e-08 8.26051e-09 7.18164e-10 2.79739e-11 1.64743e-12
6.5674e+10 2.58135e-08 5.90581e-09 5.16347e-10 2.05169e-11 1.21047e-12
1.04086e+11 1.21434e-08 2.96151e-09 2.61276e-10 1.0472e-11 6.14003e-13
1.64966e+11 2.98059e-09 7.46135e-10 6.66195e-11 2.65802e-12 1.5368e-13
2.61453e+11 2.85949e-10 7.05127e-11 6.37396e-12 2.49867e-13 1.4142e-14
4.14375e+11 1.10629e-11 2.62018e-12 2.38256e-13 9.06731e-15 4.9883e-16
6.5674e+11 3.40926e-13 7.79579e-14 7.01445e-15 2.56395e-16 1.36145e-17
1.04086e+12 2.03108e-14 4.52338e-15 3.95646e-16 1.37587e-17 6.99336e-19
1.64966e+12 1.46625e-15 3.20107e-16 2.67588e-17 8.76715e-19 4.22186e-20
2.61453e+12 2.34714e-17 5.02136e-18 3.94709e-19 1.20542e-20 5.42909e-22
4.14375e+12 1.19196e-20 2.4583e-21 1.79026e-22 5.03561e-24 2.10698e-25
6.5674e+12 3.81148e-25 7.3899e-26 4.92347e-27 1.27495e-28 5.18585e-30
1.04086e+13 2.919e-25 5.19813e-26 3.18039e-27 8.01932e-29 3.24131e-30
1.64966e+13 1.92907e-25 3.18937e-26 1.92642e-27 4.88578e-29 1.96906e-30
2.61453e+13 1.12827e-25 1.81779e-26 1.12588e-27 2.89617e-29 1.16775e-30
4.14375e+13 6.44201e-26 9.94813e-27 6.37879e-28 1.67727e-29 6.78166e-31
6.5674e+13 3.65163e-26 5.27868e-27 3.51637e-28 9.50605e-30 3.85592e-31
1.04086e+14 2.07356e-26 2.74993e-27 1.8879e-28 5.26274e-30 2.13767e-31
1.64966e+14 1.18199e-26 1.424e-27 9.85344e-29 2.83163e-30 1.14674e-31
2.61453e+14 6.74819e-27 7.39985e-28 4.98484e-29 1.46903e-30 5.88681e-32
4.14375e+14 3.8411e-27 3.87365e-28 2.44004e-29 7.26642e-31 2.84741e-32
6.5674e+14 2.16636e-27 2.03524e-28 1.15499e-29 3.3734e-31 1.26971e-32
