4.14375e-07 6.27503e-24 8.65458e-23 2.35783e-22 3.19991e-22 3.82159e-22
6.5674e-07 2.49813e-23 3.44544e-22 9.38671e-22 1.27402e-21 1.52209e-21
1.04086e-06 9.94519e-23 1.37165e-21 3.73694e-21 5.07253e-21 6.06317e-21
1.64966e-06 3.95916e-22 5.46062e-21 1.48772e-20 2.01972e-20 2.41572e-20
2.61453e-06 -nan 2.17391e-20 5.92282e-20 8.04231e-20 9.62753e-20
4.14375e-06 -3.37707e+304 8.65445e-20 2.35797e-19 3.20258e-19 3.8384e-19
6.5674e-06 2.42013e-20 3.43938e-19 9.37808e-19 1.27435e-18 1.52984e-18
1.04086e-05 8.20436e-20 1.30075e-18 3.58629e-18 4.88939e-18 5.86981e-18
1.64966e-05 -nan 4.08426e-18 1.15274e-17 1.58071e-17 1.87749e-17
2.61453e-05 5.09674e-19 1.02797e-17 2.95816e-17 4.06554e-17 4.71158e-17
4.14375e-05 1.04525e-18 2.22599e-17 6.47607e-17 8.87755e-17 9.92029e-17
6.5674e-05 2.0303e-18 4.44239e-17 1.29893e-16 1.76904e-16 1.8821e-16
0.000104086 3.84099e-18 8.51344e-17 2.49351e-16 3.36174e-16 3.3484e-16
0.000164966 7.17624e-18 1.60015e-16 4.68586e-16 6.22823e-16 5.67524e-16
0.000261453 1.33292e-17 2.98013e-16 8.71492e-16 1.13586e-15 9.18849e-16
0.000414375 2.46903e-17 5.52617e-16 1.61224e-15 2.04526e-15 1.41759e-15
0.00065674 4.56768e-17 1.0226e-15 2.97336e-15 3.63314e-15 2.08044e-15
0.00104086 8.4451e-17 1.89028e-15 5.47105e-15 6.34551e-15 2.91008e-15
0.00164966 1.56095e-16 3.49203e-15 1.00446e-14 1.08386e-14 3.89878e-15
0.00261453 2.88477e-16 6.44812e-15 1.83937e-14 1.7984e-14 5.0368e-15
0.00414375 -nan 1.19015e-14 3.3569e-14 2.87932e-14 6.33402e-15
0.0065674 9.85038e-16 2.19564e-14 6.09845e-14 4.42918e-14 7.84416e-15
0.0104086 3.25689e+87 4.04813e-14 1.10089e-13 6.54748e-14 9.66054e-15
0.0164966 2.53696e+150 7.45772e-14 1.96973e-13 9.33571e-14 1.18858e-14
0.0261453 6.21185e-15 1.37248e-13 3.48067e-13 1.28865e-13 1.46227e-14
0.0414375 1.14738e-14 2.5223e-13 6.04495e-13 1.72575e-13 1.79898e-14
0.065674 3.01022e+150 4.62667e-13 1.02537e-12 2.24665e-13 2.21322e-14
0.104086 1.05787e+213 8.46498e-13 1.6865e-12 2.85341e-13 2.72284e-14
0.164966 7.22077e-14 1.5433e-12 2.67182e-12 3.55839e-13 3.34979e-14
0.261453 1.33218e-13 2.79991e-12 4.06208e-12 4.39395e-13 4.12109e-14
0.414375 2.45642e-13 5.04494e-12 5.93323e-12 5.40841e-13 5.06995e-14
0.65674 4.52604e-13 9.00267e-12 8.36232e-12 6.65385e-13 6.23721e-14
1.04086 8.33118e-13 1.58479e-11 1.14192e-11 8.18584e-13 7.6731e-14
1.64966 1.53152e-12 2.73719e-11 1.51479e-11 1.00704e-12 9.43933e-14
2.61453 2.81041e-12 4.60586e-11 1.95679e-11 1.23887e-12 1.16117e-13
4.14375 5.14483e-12 7.48923e-11 2.47187e-11 1.52403e-12 1.42834e-13
6.5674 9.38722e-12 1.16788e-10 3.07399e-11 1.87475e-12 1.75683e-13
10.4086 1.70495e-11 1.74017e-10 3.79235e-11 2.30605e-12 2.16062e-13
16.4966 3.07679e-11 2.48447e-10 4.66686e-11 2.83634e-12 2.65675e-13
26.1453 5.50222e-11 3.42502e-10 5.74061e-11 3.48811e-12 3.26595e-13
41.4375 9.713e-11 4.59396e-10 7.06066e-11 4.28883e-12 4.01325e-13
65.674 1.68319e-10 6.02604e-10 8.68313e-11 5.27184e-12 4.92864e-13
104.086 2.84109e-10 7.75519e-10 1.06764e-10 6.47737e-12 6.04747e-13
164.966 4.6225e-10 9.81745e-10 1.31233e-10 7.95345e-12 7.41054e-13
261.453 7.15871e-10 1.22619e-09 1.61241e-10 9.75653e-12 9.0631e-13
414.375 1.04266e-09 1.51684e-09 1.97982e-10 1.19513e-11 1.10522e-12
656.74 1.42102e-09 1.86612e-09 2.4286e-10 1.46089e-11 1.34205e-12
1040.86 1.82937e-09 2.28995e-09 2.97483e-10 1.78016e-11 1.61951e-12
1649.66 2.27527e-09 2.80534e-09 3.63616e-10 2.15927e-11 1.93676e-12
2614.53 2.79211e-09 3.42953e-09 4.43053e-10 2.60163e-11 2.28649e-12
4143.75 3.41128e-09 4.17973e-09 5.37354e-10 3.10449e-11 2.65129e-12
6567.4 4.15297e-09 5.07104e-09 6.47345e-10 3.6542e-11 3.00102e-12
10408.6 5.03075e-09 6.11194e-09 7.72303e-10 4.22088e-11 3.29522e-12
16496.6 6.05023e-09 7.29659e-09 9.08774e-10 4.75566e-11 3.49596e-12
26145.3 7.20183e-09 8.59371e-09 1.04924e-09 5.197e-11 3.58992e-12
41437.5 8.45076e-09 9.93368e-09 1.18146e-09 5.49279e-11 3.6012e-12
65674 9.72769e-09 1.12017e-08 1.29016e-09 5.63143e-11 3.57203e-12
104086 1.09294e-08 1.22535e-08 1.36272e-09 5.65274e-11 3.53017e-12
164966 1.19426e-08 1.2971e-08 1.3971e-09 5.61632e-11 3.4836e-12
261453 1.26948e-08 1.33426e-08 1.40405e-09 5.5601e-11 3.43333e-12
414375 1.31949e-08 1.34804e-08 1.39817e-09 5.49538e-11 3.37959e-12
656740 1.35108e-08 1.35172e-08 1.38773e-09 5.42373e-11 3.3225e-12
1.04086e+06 1.37058e-08 1.35125e-08 1.37482e-09 5.34551e-11 3.26217e-12
1.64966e+06 1.38154e-08 1.34758e-08 1.35969e-09 5.26097e-11 3.19866e-12
2.61453e+06 1.38585e-08 1.34077e-08 1.3424e-09 5.17029e-11 3.13197e-12
4.14375e+06 1.38467e-08 1.33083e-08 1.32304e-09 5.07361e-11 3.06207e-12
6.5674e+06 1.37873e-08 1.3178e-08 1.30163e-09 4.97103e-11 2.98895e-12
1.04086e+07 1.36851e-08 1.30171e-08 1.27825e-09 4.8626e-11 2.91257e-12
1.64966e+07 1.35431e-08 1.28257e-08 1.25291e-09 4.74843e-11 2.83298e-12
2.61453e+07 1.33632e-08 1.26042e-08 1.22567e-09 4.62868e-11 2.75032e-12
4.14375e+07 1.31465e-08 1.23528e-08 1.19655e-09 4.50374e-11 2.6649e-12
6.5674e+07 1.28933e-08 1.20718e-08 1.16564e-09 4.3743e-11 2.57723e-12
1.04086e+08 1.26033e-08 1.17618e-08 1.13306e-09 4.24152e-11 2.48805e-12
1.64966e+08 1.22756e-08 1.14239e-08 1.09904e-09 4.10724e-11 2.39835e-12
2.61453e+08 1.19087e-08 1.10595e-08 1.06397e-09 3.9741e-11 2.30939e-12
4.14375e+08 1.15006e-08 1.06715e-08 1.02849e-09 3.84563e-11 2.22254e-12
6.5674e+08 1.10496e-08 1.02647e-08 9.93531e-10 3.72617e-11 2.13916e-12
1.04086e+09 1.05538e-08 9.8465e-09 9.604e-10 3.62065e-11 2.06171e-12
1.64966e+09 1.0013e-08 9.42846e-09 9.30804e-10 3.53397e-11 1.99551e-12
2.61453e+09 9.4292e-09 9.02705e-09 9.0681e-10 3.46968e-11 1.94939e-12
4.14375e+09 8.8085e-09 8.6648e-09 8.9064e-10 3.4324e-11 1.93022e-12
6.5674e+09 8.16237e-09 8.36946e-09 8.84268e-10 3.42701e-11 1.94337e-12
1.04086e+10 7.50501e-09 8.16613e-09 8.88119e-10 3.45919e-11 1.99059e-12
1.64966e+10 6.82937e-09 8.04133e-09 8.96117e-10 3.52312e-11 2.0595e-12
2.61453e+10 5.96144e-09 7.72475e-09 8.73598e-10 3.48424e-11 2.06392e-12
4.14375e+10 4.67166e-09 6.71142e-09 7.60518e-10 3.08798e-11 1.84373e-12
6.5674e+10 3.09059e-09 4.87767e-09 5.48893e-10 2.26482e-11 1.35328e-12
1.04086e+11 1.47463e-09 2.4828e-09 2.78259e-10 1.15486e-11 6.85227e-13
1.64966e+11 3.67052e-10 6.335e-10 7.09697e-11 2.92607e-12 1.71089e-13
2.61453e+11 3.54825e-11 6.05276e-11 6.7824e-12 2.74381e-13 1.56951e-14
4.14375e+11 1.37374e-12 2.26488e-12 2.52912e-13 9.9252e-15 5.51469e-16
6.5674e+11 4.13052e-14 6.74306e-14 7.41914e-15 2.79552e-16 1.49803e-17
1.04086e+12 2.38184e-15 3.90071e-15 4.16476e-16 1.49302e-17 7.65061e-19
1.64966e+12 1.70943e-16 2.73988e-16 2.79984e-17 9.4585e-19 4.58664e-20
2.61453e+12 2.7755e-18 4.23959e-18 4.09788e-19 1.29139e-20 5.85e-22
4.14375e+12 1.43174e-21 2.02913e-21 1.84011e-22 5.34965e-24 2.25466e-25
6.5674e+12 4.58409e-26 5.88376e-26 4.99383e-27 1.34607e-28 5.53128e-30
1.04086e+13 3.42434e-26 3.92836e-26 3.19675e-27 8.45528e-29 3.44766e-30
1.64966e+13 2.28419e-26 2.40135e-26 1.94198e-27 5.14613e-29 2.09039e-30
2.61453e+13 1.43652e-26 1.39881e-26 1.1373e-27 3.04862e-29 1.23848e-30
4.14375e+13 8.68853e-27 7.79623e-27 6.44977e-28 1.76508e-29 7.19057e-31
6.5674e+13 5.12773e-27 4.19726e-27 3.55562e-28 1.00027e-29 4.08895e-31
1.04086e+14 2.98582e-27 2.213e-27 1.90782e-28 5.5373e-30 2.26751e-31
1.64966e+14 1.72576e-27 1.15905e-27 9.94877e-29 2.97913e-30 1.21684e-31
2.61453e+14 9.91354e-28 6.09326e-28 5.03024e-29 1.54546e-30 6.24964e-32
4.14375e+14 5.64665e-28 3.22639e-28 2.46359e-29 7.64486e-31 3.02485e-32
6.5674e+14 3.17254e-28 1.71317e-28 1.16874e-29 3.54999e-31 1.35004e-32
