4.14375e-07 1.22603e-39 8.10405e-36 1.05906e-33 2.03379e-32 1.54077e-31
6.5674e-07 5.34524e-39 3.53321e-35 4.61732e-33 8.86505e-32 6.70949e-31
1.04086e-06 1.76133e-38 1.16424e-34 1.52146e-32 2.92046e-31 2.20803e-30
1.64966e-06 5.1979e-38 3.43584e-34 4.49001e-32 8.61639e-31 6.50724e-30
2.61453e-06 1.44862e-37 9.57548e-34 1.25132e-31 2.40064e-30 1.81086e-29
4.14375e-06 3.90295e-37 2.57989e-33 3.37132e-31 6.46591e-30 4.87132e-29
6.5674e-06 1.0292e-36 6.8031e-33 8.88984e-31 1.70446e-29 1.28242e-28
1.04086e-05 2.67544e-36 1.76849e-32 2.31088e-30 4.42915e-29 3.32775e-28
1.64966e-05 6.88711e-36 4.55245e-32 5.9484e-30 1.13967e-28 8.54968e-28
2.61453e-05 1.76077e-35 1.16388e-31 1.52069e-29 2.91232e-28 2.18115e-27
4.14375e-05 4.47976e-35 2.96115e-31 3.86869e-29 7.40542e-28 5.53592e-27
6.5674e-05 1.13578e-34 7.50753e-31 9.80759e-29 1.87626e-27 1.39963e-26
0.000104086 2.87236e-34 1.89862e-30 2.48e-28 4.74097e-27 3.52786e-26
0.000164966 7.25086e-34 4.79274e-30 6.2593e-28 1.19545e-26 8.86921e-26
0.000261453 1.82793e-33 1.20822e-29 1.57756e-27 3.00921e-26 2.2244e-25
0.000414375 4.60367e-33 3.04282e-29 3.97167e-27 7.56317e-26 5.56483e-25
0.00065674 1.15859e-32 7.65747e-29 9.99017e-27 1.89796e-25 1.38813e-24
0.00104086 2.91422e-32 1.92596e-28 2.51091e-26 4.75472e-25 3.4501e-24
0.00164966 7.32705e-32 4.84186e-28 6.30601e-26 1.18865e-24 8.53405e-24
0.00261453 1.84157e-31 1.21677e-27 1.58237e-25 2.96353e-24 2.09751e-23
0.00414375 4.62721e-31 3.05666e-27 3.96651e-25 7.36202e-24 5.11172e-23
0.0065674 1.16232e-30 7.67569e-27 9.9294e-25 1.82001e-23 1.23209e-22
0.0104086 2.91877e-30 1.92659e-26 2.48108e-24 4.47005e-23 2.92897e-22
0.0164966 7.32671e-30 4.83284e-26 6.18393e-24 1.08841e-22 6.84998e-22
0.0261453 1.83826e-29 1.21135e-25 1.53594e-23 2.6207e-22 1.57373e-21
0.0414375 4.60903e-29 3.03283e-25 3.79668e-23 6.22331e-22 3.54951e-21
0.065674 1.15452e-28 7.58131e-25 9.32429e-23 1.45416e-21 7.793e-21
0.104086 2.88811e-28 1.89093e-24 2.27026e-22 3.33955e-21 1.62084e-20
0.164966 7.21102e-28 4.7017e-24 5.46623e-22 7.53145e-21 3.21343e-20
0.261453 1.79562e-27 1.16401e-23 1.29804e-21 1.64715e-20 6.15643e-20
0.414375 4.45454e-27 2.86473e-23 3.03316e-21 3.42127e-20 1.15269e-19
0.65674 1.09936e-26 6.99445e-23 6.96673e-21 6.81759e-20 2.12228e-19
1.04086 2.69413e-26 1.69001e-22 1.57156e-20 1.31962e-19 3.85444e-19
1.64966 6.5408e-26 4.02991e-22 3.4378e-20 2.50498e-19 6.91461e-19
2.61453 1.56892e-25 9.45919e-22 7.14394e-20 4.69363e-19 1.22547e-18
4.14375 3.70779e-25 2.18209e-21 1.42498e-19 8.71357e-19 2.14438e-18
6.5674 8.61426e-25 4.94574e-21 2.76493e-19 1.60612e-18 3.70051e-18
10.4086 1.96613e-24 1.09646e-20 5.27017e-19 2.94246e-18 6.28797e-18
16.4966 4.40722e-24 2.30909e-20 9.9315e-19 5.35985e-18 1.05024e-17
26.1453 9.55617e-24 4.62493e-20 1.85772e-18 9.70599e-18 1.72123e-17
41.4375 1.94036e-23 8.98668e-20 3.4576e-18 1.74639e-17 2.7639e-17
65.674 3.80025e-23 1.71477e-19 6.41271e-18 3.11951e-17 4.34463e-17
104.086 7.28652e-23 3.23519e-19 1.18623e-17 5.52565e-17 6.68453e-17
164.966 1.37895e-22 6.05978e-19 2.18967e-17 9.69251e-17 1.00724e-16
261.453 2.58808e-22 1.12973e-18 4.0343e-17 1.68097e-16 1.48798e-16
414.375 4.83153e-22 2.09965e-18 7.41907e-17 2.87741e-16 2.15776e-16
656.74 8.98822e-22 3.89423e-18 1.36165e-16 4.85273e-16 3.07578e-16
1040.86 1.66825e-21 7.21245e-18 2.49346e-16 8.04953e-16 4.31649e-16
1649.66 3.09157e-21 1.33448e-17 4.55387e-16 1.31142e-15 5.97447e-16
2614.53 5.72328e-21 2.46728e-17 8.29026e-16 2.09664e-15 8.17134e-16
4143.75 1.05876e-20 4.55902e-17 1.50339e-15 3.28893e-15 1.10645e-15
6567.4 1.9576e-20 8.41975e-17 2.7135e-15 5.06501e-15 1.48572e-15
10408.6 3.61806e-20 1.5542e-16 4.86979e-15 7.66552e-15 1.98098e-15
16496.6 6.68472e-20 2.86736e-16 8.67963e-15 1.14135e-14 2.62553e-15
26145.3 1.23468e-19 5.28675e-16 1.53431e-14 1.67357e-14 3.46188e-15
41437.5 2.27976e-19 9.74034e-16 2.68582e-14 2.41873e-14 4.54416e-15
65674 4.20791e-19 1.79295e-15 4.64777e-14 3.4481e-14 5.94126e-15
104086 7.76354e-19 3.2967e-15 7.93633e-14 4.85212e-14 7.74072e-15
164966 1.43162e-18 6.05324e-15 1.33469e-13 6.74515e-14 1.00537e-14
261453 2.63826e-18 1.10955e-14 2.20675e-13 9.27175e-14 1.3021e-14
414375 4.85798e-18 2.02939e-14 3.58177e-13 1.26159e-13 1.68211e-14
656740 8.93626e-18 3.70183e-14 5.70197e-13 1.70135e-13 2.16795e-14
1.04086e+06 1.64174e-17 6.73009e-14 8.90191e-13 2.27685e-13 2.78804e-14
1.64966e+06 3.01133e-17 1.21853e-13 1.36379e-12 3.02705e-13 3.5782e-14
2.61453e+06 5.51248e-17 2.19507e-13 2.05269e-12 4.00171e-13 4.58332e-14
4.14375e+06 1.00659e-16 3.92977e-13 3.03934e-12 5.26414e-13 5.8597e-14
6.5674e+06 1.83234e-16 6.98248e-13 4.43271e-12 6.89465e-13 7.47769e-14
1.04086e+07 3.32267e-16 1.22939e-12 6.37511e-12 8.99479e-13 9.52479e-14
1.64966e+07 5.99647e-16 2.141e-12 9.05032e-12 1.16927e-12 1.21084e-13
2.61453e+07 1.07586e-15 3.68034e-12 1.26935e-11 1.51497e-12 1.53584e-13
4.14375e+07 1.91641e-15 6.23019e-12 1.76034e-11 1.95674e-12 1.9428e-13
6.5674e+07 3.38387e-15 1.03603e-11 2.41568e-11 2.51965e-12 2.44891e-13
1.04086e+08 5.91186e-15 1.6881e-11 3.2829e-11 3.23426e-12 3.07201e-13
1.64966e+08 1.01971e-14 2.68877e-11 4.42191e-11 4.13698e-12 3.82918e-13
2.61453e+08 1.73219e-14 4.1789e-11 5.90813e-11 5.26923e-12 4.73456e-13
4.14375e+08 2.88971e-14 6.33233e-11 7.83576e-11 6.6754e-12 5.79491e-13
6.5674e+08 4.7198e-14 9.36102e-11 1.03203e-10 8.39826e-12 7.00527e-13
1.04086e+09 7.52365e-14 1.35254e-10 1.34982e-10 1.0472e-11 8.35941e-13
1.64966e+09 1.16757e-13 1.91443e-10 1.75205e-10 1.29115e-11 9.86399e-13
2.61453e+09 1.761e-13 2.66076e-10 2.25405e-10 1.56952e-11 1.15512e-12
4.14375e+09 2.58115e-13 3.6381e-10 2.86893e-10 1.87887e-11 1.34238e-12
6.5674e+09 3.68326e-13 4.89836e-10 3.60327e-10 2.21389e-11 1.54645e-12
1.04086e+10 5.12772e-13 6.48553e-10 4.44667e-10 2.5689e-11 1.76266e-12
1.64966e+10 6.93799e-13 8.37307e-10 5.33626e-10 2.92903e-11 1.97372e-12
2.61453e+10 8.77857e-13 1.01351e-09 5.98754e-10 3.15778e-11 2.08774e-12
4.14375e+10 9.63519e-13 1.06162e-09 5.81813e-10 2.97603e-11 1.9289e-12
6.5674e+10 8.50626e-13 8.89511e-10 4.55508e-10 2.27263e-11 1.44268e-12
1.04086e+11 5.08724e-13 4.99038e-10 2.43992e-10 1.18712e-11 7.37076e-13
1.64966e+11 1.48081e-13 1.35031e-10 6.44354e-11 3.04622e-12 1.84598e-13
2.61453e+11 1.52864e-14 1.34409e-11 6.27546e-12 2.87171e-13 1.693e-14
4.14375e+11 6.16316e-16 5.18907e-13 2.35688e-13 1.0397e-14 5.9362e-16
6.5674e+11 1.99308e-17 1.57313e-14 6.90572e-15 2.92338e-16 1.60735e-17
1.04086e+12 1.26998e-18 9.13478e-16 3.84973e-16 1.55611e-17 8.1742e-19
1.64966e+12 1.00774e-19 6.36235e-17 2.55805e-17 9.81083e-19 4.87471e-20
2.61453e+12 1.83061e-21 9.65844e-19 3.68251e-19 1.33087e-20 6.17804e-22
4.14375e+12 1.08588e-24 4.49311e-22 1.61612e-22 5.46716e-24 2.37047e-25
6.5674e+12 4.20082e-29 1.26252e-26 4.26109e-27 1.37125e-28 5.80991e-30
1.04086e+13 4.11591e-29 8.68084e-27 2.74522e-27 8.6402e-29 3.61852e-30
1.64966e+13 3.83332e-29 5.69128e-27 1.69615e-27 5.27155e-29 2.19294e-30
2.61453e+13 3.29684e-29 3.55682e-27 1.00662e-27 3.1281e-29 1.29906e-30
4.14375e+13 2.48766e-29 2.11704e-27 5.75831e-28 1.81279e-29 7.54316e-31
6.5674e+13 1.66799e-29 1.20176e-27 3.1878e-28 1.02776e-29 4.29051e-31
1.04086e+14 1.06437e-29 6.55445e-28 1.71245e-28 5.69059e-30 2.38002e-31
1.64966e+14 6.58445e-30 3.48686e-28 8.93232e-29 3.06194e-30 1.27771e-31
2.61453e+14 3.96414e-30 1.83918e-28 4.52369e-29 1.58866e-30 6.56556e-32
4.14375e+14 2.32257e-30 9.70428e-29 2.22566e-29 7.86089e-31 3.17997e-32
6.5674e+14 1.31983e-30 5.11469e-29 1.06444e-29 3.65263e-31 1.42068e-32
