4.14375e-07 6.27503e-24 8.65458e-23 2.35783e-22 3.19991e-22 3.82159e-22
6.5674e-07 2.49813e-23 3.44544e-22 9.38671e-22 1.27402e-21 1.52209e-21
1.04086e-06 9.94519e-23 1.37165e-21 3.73694e-21 5.07253e-21 6.06317e-21
1.64966e-06 3.95916e-22 5.46062e-21 1.48772e-20 2.01972e-20 2.41572e-20
2.61453e-06 1.57583e-21 2.17391e-20 5.92282e-20 8.04231e-20 9.62753e-20
4.14375e-06 6.25818e-21 8.65445e-20 2.35797e-19 3.20258e-19 3.8384e-19
6.5674e-06 2.42013e-20 3.43938e-19 9.37808e-19 1.27435e-18 1.52984e-18
1.04086e-05 8.20436e-20 1.30075e-18 3.58629e-18 4.88939e-18 5.86981e-18
1.64966e-05 2.23629e-19 4.08426e-18 1.15274e-17 1.58071e-17 1.87749e-17
2.61453e-05 5.09674e-19 1.02797e-17 2.95816e-17 4.06554e-17 4.71158e-17
4.14375e-05 1.04525e-18 2.22599e-17 6.47607e-17 8.87755e-17 9.92029e-17
6.5674e-05 2.0303e-18 4.44239e-17 1.29893e-16 1.76904e-16 1.8821e-16
0.000104086 3.84099e-18 8.51344e-17 2.49351e-16 3.36174e-16 3.3484e-16
0.000164966 7.17624e-18 1.60015e-16 4.68586e-16 6.22823e-16 5.67524e-16
0.000261453 1.33292e-17 2.98013e-16 8.71492e-16 1.13586e-15 9.18849e-16
0.000414375 2.46903e-17 5.52617e-16 1.61224e-15 2.04526e-15 1.41759e-15
0.00065674 4.56768e-17 1.0226e-15 2.97336e-15 3.63314e-15 2.08044e-15
0.00104086 8.4451e-17 1.89028e-15 5.47105e-15 6.34551e-15 2.91008e-15
0.00164966 1.56095e-16 3.49203e-15 1.00446e-14 1.08386e-14 3.89878e-15
0.00261453 2.88477e-16 6.44812e-15 1.83937e-14 1.7984e-14 5.0368e-15
0.00414375 5.33085e-16 1.19015e-14 3.3569e-14 2.87932e-14 6.33402e-15
0.0065674 9.85038e-16 2.19564e-14 6.09845e-14 4.42918e-14 7.84416e-15
0.0104086 1.82004e-15 4.04813e-14 1.10089e-13 6.54748e-14 9.66054e-15
0.0164966 3.36259e-15 7.45772e-14 1.96973e-13 9.33571e-14 1.18858e-14
0.0261453 6.21185e-15 1.37248e-13 3.48067e-13 1.28865e-13 1.46227e-14
0.0414375 1.14738e-14 2.5223e-13 6.04495e-13 1.72575e-13 1.79898e-14
0.065674 2.11893e-14 4.62667e-13 1.02537e-12 2.24665e-13 2.21322e-14
0.104086 3.91218e-14 8.46498e-13 1.6865e-12 2.85341e-13 2.72284e-14
0.164966 7.22077e-14 1.5433e-12 2.67182e-12 3.55839e-13 3.34979e-14
0.261453 1.33218e-13 2.79991e-12 4.06208e-12 4.39395e-13 4.12108e-14
0.414375 2.45642e-13 5.04494e-12 5.93323e-12 5.4084e-13 5.06994e-14
0.65674 4.52604e-13 9.00267e-12 8.36232e-12 6.65385e-13 6.23719e-14
1.04086 8.33118e-13 1.58479e-11 1.14192e-11 8.18584e-13 7.67306e-14
1.64966 1.53152e-12 2.73719e-11 1.51479e-11 1.00704e-12 9.43927e-14
2.61453 2.81041e-12 4.60586e-11 1.95679e-11 1.23887e-12 1.16116e-13
4.14375 5.14483e-12 7.48923e-11 2.47187e-11 1.52403e-12 1.42831e-13
6.5674 9.38722e-12 1.16788e-10 3.07399e-11 1.87475e-12 1.75679e-13
10.4086 1.70495e-11 1.74017e-10 3.79235e-11 2.30605e-12 2.16056e-13
16.4966 3.07679e-11 2.48447e-10 4.66686e-11 2.83633e-12 2.65665e-13
26.1453 5.50222e-11 3.42502e-10 5.74061e-11 3.4881e-12 3.26579e-13
41.4375 9.713e-11 4.59396e-10 7.06066e-11 4.28881e-12 4.01299e-13
65.674 1.68319e-10 6.02604e-10 8.68313e-11 5.27181e-12 4.92823e-13
104.086 2.84109e-10 7.75519e-10 1.06763e-10 6.47731e-12 6.04684e-13
164.966 4.6225e-10 9.81745e-10 1.31233e-10 7.95335e-12 7.40959e-13
261.453 7.15871e-10 1.22619e-09 1.61241e-10 9.75636e-12 9.06171e-13
414.375 1.04266e-09 1.51684e-09 1.97982e-10 1.1951e-11 1.10502e-12
656.74 1.42102e-09 1.86612e-09 2.4286e-10 1.46084e-11 1.34176e-12
1040.86 1.82937e-09 2.28995e-09 2.97483e-10 1.78008e-11 1.61911e-12
1649.66 2.27527e-09 2.80534e-09 3.63615e-10 2.15914e-11 1.9362e-12
2614.53 2.79211e-09 3.42953e-09 4.43052e-10 2.60142e-11 2.28573e-12
4143.75 3.41128e-09 4.17973e-09 5.37352e-10 3.10416e-11 2.65027e-12
6567.4 4.15297e-09 5.07104e-09 6.47342e-10 3.6537e-11 2.99964e-12
10408.6 5.03075e-09 6.11194e-09 7.72297e-10 4.22013e-11 3.29339e-12
16496.6 6.05023e-09 7.29659e-09 9.08763e-10 4.75454e-11 3.49354e-12
26145.3 7.20183e-09 8.59371e-09 1.04922e-09 5.19537e-11 3.58673e-12
41437.5 8.45076e-09 9.93368e-09 1.18143e-09 5.49044e-11 3.59701e-12
65674 9.72769e-09 1.12017e-08 1.2901e-09 5.62808e-11 3.56655e-12
104086 1.09294e-08 1.22534e-08 1.36262e-09 5.64805e-11 3.52304e-12
164966 1.19426e-08 1.2971e-08 1.39694e-09 5.60981e-11 3.47434e-12
261453 1.26948e-08 1.33426e-08 1.40379e-09 5.55118e-11 3.42135e-12
414375 1.31949e-08 1.34803e-08 1.39775e-09 5.48327e-11 3.36411e-12
656740 1.35108e-08 1.3517e-08 1.38706e-09 5.40744e-11 3.30256e-12
1.04086e+06 1.37058e-08 1.35122e-08 1.37378e-09 5.32375e-11 3.23654e-12
1.64966e+06 1.38154e-08 1.34753e-08 1.3581e-09 5.23208e-11 3.16577e-12
2.61453e+06 1.38585e-08 1.34067e-08 1.34002e-09 5.13215e-11 3.08985e-12
4.14375e+06 1.38467e-08 1.33067e-08 1.31953e-09 5.0235e-11 3.00824e-12
6.5674e+06 1.37873e-08 1.31751e-08 1.29655e-09 4.90546e-11 2.92027e-12
1.04086e+07 1.36851e-08 1.3012e-08 1.27097e-09 4.77714e-11 2.82511e-12
1.64966e+07 1.3543e-08 1.28171e-08 1.24263e-09 4.63743e-11 2.72181e-12
2.61453e+07 1.33631e-08 1.25896e-08 1.21134e-09 4.48497e-11 2.60934e-12
4.14375e+07 1.31462e-08 1.23286e-08 1.17681e-09 4.31825e-11 2.48659e-12
6.5674e+07 1.28927e-08 1.20325e-08 1.13872e-09 4.13558e-11 2.35251e-12
1.04086e+08 1.26022e-08 1.16991e-08 1.09671e-09 3.93527e-11 2.20621e-12
1.64966e+08 1.22735e-08 1.1326e-08 1.05037e-09 3.71571e-11 2.04712e-12
2.61453e+08 1.19049e-08 1.09098e-08 9.99295e-10 3.47567e-11 1.87521e-12
4.14375e+08 1.14938e-08 1.04472e-08 9.4311e-10 3.21451e-11 1.69126e-12
6.5674e+08 1.10372e-08 9.93473e-09 8.81534e-10 2.93263e-11 1.49708e-12
1.04086e+09 1.05319e-08 9.36913e-09 8.14455e-10 2.6318e-11 1.29575e-12
1.64966e+09 9.9744e-09 8.74821e-09 7.42025e-10 2.31561e-11 1.09174e-12
2.61453e+09 9.36188e-09 8.07153e-09 6.64763e-10 1.98976e-11 8.90803e-13
4.14375e+09 8.69272e-09 7.3413e-09 5.83657e-10 1.66214e-11 6.9963e-13
6.5674e+09 7.96645e-09 6.56267e-09 5.00172e-10 1.34241e-11 5.25106e-13
1.04086e+10 7.18017e-09 5.74113e-09 4.16028e-10 1.04069e-11 3.73179e-13
1.64966e+10 6.30681e-09 4.86633e-09 3.32061e-10 7.64248e-12 2.47244e-13
2.61453e+10 5.17945e-09 3.83074e-09 2.43374e-10 5.07673e-12 1.45431e-13
4.14375e+10 3.66819e-09 2.58042e-09 1.50633e-10 2.79872e-12 6.94604e-14
6.5674e+10 2.07097e-09 1.3734e-09 7.25408e-11 1.17653e-12 2.46608e-14
1.04086e+11 7.84421e-10 4.85484e-10 2.27902e-11 3.15242e-13 5.41667e-15
1.64966e+11 1.42668e-10 8.14742e-11 3.32933e-12 3.82344e-14 5.20125e-16
2.61453e+11 9.28472e-12 4.83075e-12 1.6774e-13 1.55045e-15 1.6033e-17
4.14375e+11 2.25209e-13 1.05264e-13 3.02e-15 2.16765e-17 1.62486e-19
6.5674e+11 4.10222e-15 1.6962e-15 3.89177e-17 2.08108e-19 1.06967e-21
1.04086e+12 1.36232e-16 4.90097e-17 8.65718e-19 3.28716e-21 1.08523e-23
1.64966e+12 5.14325e-18 1.58161e-18 2.05736e-20 5.24609e-23 1.02822e-25
2.61453e+12 3.99686e-20 1.03131e-20 9.37717e-23 1.50472e-25 1.58362e-28
4.14375e+12 8.96771e-24 1.90493e-24 1.13862e-26 1.06573e-29 5.21994e-33
6.5674e+12 1.13947e-28 1.95452e-29 7.14336e-32 3.56791e-35 6.34762e-39
1.04086e+13 3.12593e-29 4.24672e-30 8.71169e-33 2.09136e-36 8.04999e-41
1.64966e+13 6.83452e-30 7.2127e-31 7.50583e-34 7.65457e-38 2.1639e-43
2.61453e+13 1.14662e-30 9.21569e-32 4.31805e-35 1.61255e-39 4.33293e-47
4.14375e+13 1.41254e-31 8.46664e-33 1.55272e-36 1.74455e-41 1.11789e-52
6.5674e+13 1.2141e-32 5.30188e-34 3.23057e-38 7.71105e-44 2.00148e-61
1.04086e+14 6.86178e-34 2.12458e-35 3.55337e-40 7.97162e-47 2.77278e-75
1.64966e+14 2.38063e-35 5.05823e-37 1.85938e-42 6.45085e-51 2.66029e-97
2.61453e+14 4.6815e-37 6.55895e-39 4.0892e-45 6.22955e-57 2.55132e-132
4.14375e+14 4.75711e-39 4.18464e-41 3.23894e-48 2.87225e-66 5.51744e-188
6.5674e+14 2.24345e-41 1.16684e-43 6.97304e-52 4.8287e-81 2.20779e-276
