4.14375e-07 2.1229e-23 1.05956e-22 2.37699e-22 3.1102e-22 3.66521e-22
6.5674e-07 8.45141e-23 4.21818e-22 9.463e-22 1.2383e-21 1.45983e-21
1.04086e-06 3.36456e-22 1.67928e-21 3.76731e-21 4.93036e-21 5.81527e-21
1.64966e-06 1.33945e-21 6.68533e-21 1.49981e-20 1.96312e-20 2.31702e-20
2.61453e-06 5.33242e-21 2.66147e-20 5.97097e-20 7.817e-20 9.23451e-20
4.14375e-06 2.12277e-20 1.05955e-19 2.37715e-19 3.11288e-19 3.6819e-19
6.5674e-06 8.42919e-20 4.21323e-19 9.4547e-19 1.23858e-18 1.46746e-18
1.04086e-05 3.16924e-19 1.60696e-18 3.61795e-18 4.74489e-18 5.62055e-18
1.64966e-05 9.85522e-19 5.13549e-18 1.16466e-17 1.52824e-17 1.78922e-17
2.61453e-05 2.46231e-18 1.31166e-17 2.99258e-17 3.91715e-17 4.46806e-17
4.14375e-05 5.31015e-18 2.8647e-17 6.55624e-17 8.53492e-17 9.37022e-17
6.5674e-05 1.0576e-17 5.74202e-17 1.31547e-16 1.69853e-16 1.77146e-16
0.000104086 2.02493e-17 1.10271e-16 2.52556e-16 3.22484e-16 3.13978e-16
0.000164966 3.80464e-17 2.07464e-16 4.74612e-16 5.9698e-16 5.29829e-16
0.000261453 7.08543e-17 3.86549e-16 8.82639e-16 1.08775e-15 8.53397e-16
0.000414375 1.31407e-16 7.16918e-16 1.63265e-15 1.95638e-15 1.30925e-15
0.00065674 2.43239e-16 1.32669e-15 3.01044e-15 3.46985e-15 1.91126e-15
0.00104086 4.49836e-16 2.45232e-15 5.53786e-15 6.04751e-15 2.6618e-15
0.00164966 8.3155e-16 4.52993e-15 1.01637e-14 1.03006e-14 3.55439e-15
0.00261453 1.53684e-15 8.36356e-15 1.86027e-14 1.70308e-14 4.58067e-15
0.00414375 2.83998e-15 1.54341e-14 3.39276e-14 2.71546e-14 5.75071e-15
0.0065674 5.24765e-15 2.84666e-14 6.15786e-14 4.15894e-14 7.1158e-15
0.0104086 9.69566e-15 5.24675e-14 1.11016e-13 6.12189e-14 8.76173e-15
0.0164966 1.79122e-14 9.66174e-14 1.98269e-13 8.69311e-14 1.07797e-14
0.0261453 3.30878e-14 1.77707e-13 3.49463e-13 1.19513e-13 1.3262e-14
0.0414375 6.11105e-14 3.26331e-13 6.04795e-13 1.59422e-13 1.63157e-14
0.065674 1.12842e-13 5.97962e-13 1.02111e-12 2.06774e-13 2.00727e-14
0.104086 2.08309e-13 1.09245e-12 1.66973e-12 2.6181e-13 2.46946e-14
0.164966 3.84399e-13 1.98772e-12 2.62763e-12 3.25856e-13 3.03808e-14
0.261453 7.08998e-13 3.59612e-12 3.96756e-12 4.02054e-13 3.7376e-14
0.414375 1.30685e-12 6.45414e-12 5.75736e-12 4.94803e-13 4.59817e-14
0.65674 2.40677e-12 1.14538e-11 8.06244e-12 6.0874e-13 5.65681e-14
1.04086 4.42735e-12 2.00074e-11 1.09346e-11 7.48899e-13 6.95909e-14
1.64966 8.13171e-12 3.41912e-11 1.43994e-11 9.21317e-13 8.56099e-14
2.61453 1.49043e-11 5.67331e-11 1.84684e-11 1.13341e-12 1.05313e-13
4.14375 2.72395e-11 9.06731e-11 2.31929e-11 1.39431e-12 1.29543e-13
6.5674 4.95876e-11 1.3875e-10 2.87396e-11 1.71519e-12 1.59338e-13
10.4086 8.97758e-11 2.03123e-10 3.54085e-11 2.1098e-12 1.95962e-13
16.4966 1.61286e-10 2.85949e-10 4.35638e-11 2.595e-12 2.40964e-13
26.1453 2.86626e-10 3.89901e-10 5.35874e-11 3.1914e-12 2.96226e-13
41.4375 5.01648e-10 5.17711e-10 6.59122e-11 3.92415e-12 3.64025e-13
65.674 8.59521e-10 6.71708e-10 8.10625e-11 4.82385e-12 4.47089e-13
104.086 1.43096e-09 8.54159e-10 9.96785e-11 5.92744e-12 5.48647e-13
164.966 2.29581e-09 1.06873e-09 1.22539e-10 7.27912e-12 6.72433e-13
261.453 3.52602e-09 1.32282e-09 1.50586e-10 8.93103e-12 8.22618e-13
414.375 5.17476e-09 1.62871e-09 1.84948e-10 1.09432e-11 1.00359e-12
656.74 7.29019e-09 2.0018e-09 2.26962e-10 1.33822e-11 1.21942e-12
1040.86 9.93637e-09 2.45854e-09 2.78174e-10 1.6317e-11 1.4729e-12
1649.66 1.31906e-08 3.01689e-09 3.40312e-10 1.98099e-11 1.76384e-12
2614.53 1.71304e-08 3.69738e-09 4.15196e-10 2.39e-11 2.08639e-12
4143.75 2.18271e-08 4.52285e-09 5.04526e-10 2.85741e-11 2.42575e-12
6567.4 2.73523e-08 5.51725e-09 6.09485e-10 3.37243e-11 2.75536e-12
10408.6 3.37945e-08 6.7028e-09 7.30045e-10 3.90974e-11 3.03829e-12
16496.6 4.12739e-08 8.09455e-09 8.63916e-10 4.42606e-11 3.23759e-12
26145.3 4.99225e-08 9.691e-09 1.00523e-09 4.86407e-11 3.33645e-12
41437.5 5.97939e-08 1.14599e-08 1.14347e-09 5.17051e-11 3.35284e-12
65674 7.07296e-08 1.33208e-08 1.26411e-09 5.32535e-11 3.32594e-12
104086 8.22462e-08 1.51314e-08 1.35258e-09 5.35806e-11 3.28464e-12
164966 9.3472e-08 1.66971e-08 1.40174e-09 5.32486e-11 3.23823e-12
261453 1.03218e-07 1.78294e-08 1.41721e-09 5.26752e-11 3.1879e-12
414375 1.10353e-07 1.84479e-08 1.41313e-09 5.20065e-11 3.13369e-12
656740 1.1446e-07 1.86464e-08 1.40128e-09 5.12643e-11 3.07556e-12
1.04086e+06 1.16208e-07 1.86165e-08 1.38631e-09 5.04496e-11 3.01333e-12
1.64966e+06 1.16732e-07 1.84972e-08 1.36902e-09 4.95613e-11 2.94676e-12
2.61453e+06 1.16703e-07 1.8334e-08 1.34945e-09 4.85965e-11 2.87545e-12
4.14375e+06 1.16297e-07 1.81334e-08 1.32757e-09 4.75507e-11 2.79889e-12
6.5674e+06 1.15555e-07 1.78958e-08 1.3033e-09 4.64176e-11 2.71646e-12
1.04086e+07 1.145e-07 1.76213e-08 1.27654e-09 4.51886e-11 2.62739e-12
1.64966e+07 1.13147e-07 1.73094e-08 1.24712e-09 4.38529e-11 2.53077e-12
2.61453e+07 1.11508e-07 1.69592e-08 1.21482e-09 4.23978e-11 2.42565e-12
4.14375e+07 1.09591e-07 1.65691e-08 1.17937e-09 4.08086e-11 2.31099e-12
6.5674e+07 1.07399e-07 1.61365e-08 1.14043e-09 3.90694e-11 2.18581e-12
1.04086e+08 1.04928e-07 1.56585e-08 1.09763e-09 3.71641e-11 2.04929e-12
1.64966e+08 1.02172e-07 1.5131e-08 1.05055e-09 3.50775e-11 1.9009e-12
2.61453e+08 9.91162e-08 1.45495e-08 9.98786e-10 3.27979e-11 1.74064e-12
4.14375e+08 9.57418e-08 1.3909e-08 9.41956e-10 3.03197e-11 1.56923e-12
6.5674e+08 9.20244e-08 1.32046e-08 8.79778e-10 2.76466e-11 1.38838e-12
1.04086e+09 8.79362e-08 1.24317e-08 8.12145e-10 2.47958e-11 1.20099e-12
1.64966e+09 8.34486e-08 1.15873e-08 7.39218e-10 2.18018e-11 1.01122e-12
2.61453e+09 7.85356e-08 1.06707e-08 6.61533e-10 1.87188e-11 8.24461e-13
4.14375e+09 7.3179e-08 9.6851e-09 5.80096e-10 1.56221e-11 6.4693e-13
6.5674e+09 6.73674e-08 8.63758e-09 4.96399e-10 1.26031e-11 4.85027e-13
1.04086e+10 6.10645e-08 7.536e-09 4.12184e-10 9.75774e-12 3.44258e-13
1.64966e+10 5.402e-08 6.3678e-09 3.2833e-10 7.15481e-12 2.27742e-13
2.61453e+10 4.47585e-08 4.99433e-09 2.40065e-10 4.74421e-12 1.33725e-13
4.14375e+10 3.2049e-08 3.34964e-09 1.48162e-10 2.60986e-12 6.37374e-14
6.5674e+10 1.83417e-08 1.77359e-09 7.11092e-11 1.09439e-12 2.25742e-14
1.04086e+11 7.065e-09 6.23059e-10 2.225e-11 2.92365e-13 4.94423e-15
1.64966e+11 1.31194e-09 1.0378e-10 3.23463e-12 3.53359e-14 4.73174e-16
2.61453e+11 8.76065e-11 6.09748e-12 1.62018e-13 1.427e-15 1.45285e-17
4.14375e+11 2.19398e-12 1.31396e-13 2.8965e-15 1.98533e-17 1.46558e-19
6.5674e+11 4.1586e-14 2.08857e-15 3.70097e-17 1.89504e-19 9.59552e-22
1.04086e+12 1.45144e-15 5.93363e-17 8.14824e-19 2.97285e-21 9.67174e-24
1.64966e+12 5.83228e-17 1.87508e-18 1.91231e-20 4.70607e-23 9.09064e-26
2.61453e+12 4.90238e-19 1.19099e-20 8.58431e-23 1.33689e-25 1.38553e-28
4.14375e+12 1.21454e-22 2.12849e-24 1.02321e-26 9.36109e-30 4.49686e-33
6.5674e+12 1.74949e-27 2.09507e-29 6.27622e-32 3.09179e-35 5.31796e-39
1.04086e+13 5.62611e-28 4.32031e-30 7.44747e-33 1.78337e-36 6.3838e-41
1.64966e+13 1.5042e-28 6.87211e-31 6.20731e-34 6.40324e-38 1.55251e-43
2.61453e+13 3.25297e-29 8.09167e-32 3.43089e-35 1.31744e-39 2.61963e-47
4.14375e+13 5.51162e-30 6.72008e-33 1.17573e-36 1.37845e-41 5.03278e-53
6.5674e+13 7.04724e-31 3.71905e-34 2.30916e-38 5.71772e-44 5.50157e-62
1.04086e+14 6.50453e-32 1.28301e-35 2.37107e-40 5.15721e-47 3.44456e-76
1.64966e+14 4.11125e-33 2.55142e-37 1.14323e-42 3.21981e-51 9.30832e-99
2.61453e+14 1.67179e-34 2.66897e-39 2.2797e-45 1.94445e-57 1.19002e-134
4.14375e+14 4.06341e-36 1.31977e-41 1.58916e-48 4.01358e-67 1.05314e-191
6.5674e+14 5.41558e-38 2.72347e-44 2.67936e-52 1.83705e-82 2.65896e-282
