0.1	2.06661e-18
0.104713	2.02123e-18
0.109648	1.72938e-17
0.114815	6.11162e-17
0.120226	1.54477e-16
0.125893	3.15549e-16
0.131826	5.70113e-16
0.138038	9.64279e-16
0.144544	1.50301e-15
0.151356	2.27852e-15
0.158489	3.25904e-15
0.165959	4.52377e-15
0.17378	6.23934e-15
0.18197	8.26138e-15
0.190546	1.09522e-14
0.199526	1.40089e-14
0.20893	1.76946e-14
0.218776	2.24565e-14
0.229087	2.77102e-14
0.239883	3.44402e-14
0.251189	4.17096e-14
0.263027	5.02027e-14
0.275423	6.07801e-14
0.288403	7.21509e-14
0.301995	8.62127e-14
0.316228	1.01169e-13
0.331131	1.18333e-13
0.346737	1.38926e-13
0.363078	1.61053e-13
0.380189	1.87412e-13
0.398107	2.15632e-13
0.416869	2.47617e-13
0.436516	2.84693e-13
0.457088	3.24985e-13
0.47863	3.71406e-13
0.501187	4.21852e-13
0.524807	4.78476e-13
0.549541	5.42482e-13
0.57544	6.12857e-13
0.60256	6.92074e-13
0.630957	7.7924e-13
0.660693	8.76367e-13
0.691831	9.84625e-13
0.724436	1.10436e-12
0.758578	1.23751e-12
0.794328	1.38477e-12
0.831764	1.54804e-12
0.870964	1.72892e-12
0.912011	1.92902e-12
0.954993	2.15044e-12
1	2.39522e-12
1.04713	2.66578e-12
1.09648	2.96471e-12
1.14815	3.29482e-12
1.20226	3.65924e-12
1.25893	4.06141e-12
1.31826	4.50506e-12
1.38038	4.99434e-12
1.44544	5.53378e-12
1.51356	6.12832e-12
1.58489	6.78347e-12
1.65959	7.50516e-12
1.7378	8.29999e-12
1.8197	9.17516e-12
1.90546	1.01385e-11
1.99526	1.11988e-11
2.0893	1.23655e-11
2.18776	1.3649e-11
2.29087	1.50608e-11
2.39883	1.66132e-11
2.51189	1.83202e-11
2.63027	2.01967e-11
2.75423	2.2259e-11
2.88403	2.45254e-11
3.01995	2.70153e-11
3.16228	2.97506e-11
3.31131	3.27547e-11
3.46737	3.60531e-11
3.63078	3.96748e-11
3.80189	4.36494e-11
3.98107	4.80113e-11
4.16869	5.27969e-11
4.36516	5.80449e-11
4.57088	6.38008e-11
4.7863	7.01094e-11
5.01187	7.70222e-11
5.24807	8.45956e-11
5.49541	9.28862e-11
5.7544	1.01962e-10
6.0256	1.11889e-10
6.30957	1.22739e-10
6.60693	1.34599e-10
6.91831	1.47542e-10
7.24436	1.61663e-10
7.58578	1.77053e-10
7.94328	1.93801e-10
8.31764	2.12024e-10
8.70964	2.31804e-10
9.12011	2.53254e-10
9.54993	2.76474e-10
10	3.01548e-10
10.4713	3.28597e-10
10.9648	3.57662e-10
11.4815	3.88861e-10
12.0226	4.22195e-10
12.5893	4.57745e-10
13.1826	4.95462e-10
13.8038	5.35384e-10
14.4544	5.77363e-10
15.1356	5.70883e-10
15.8489	6.13052e-10
16.5959	6.5678e-10
17.378	7.01868e-10
18.197	7.47998e-10
19.0546	7.94883e-10
19.9526	8.42272e-10
20.893	8.89769e-10
21.8776	8.60763e-10
22.9087	9.03543e-10
23.9883	9.45388e-10
25.1189	9.85965e-10
26.3027	1.02496e-09
27.5423	9.75513e-10
28.8403	1.00784e-09
30.1995	1.03802e-09
31.6228	1.0659e-09
33.1131	1.00197e-09
34.6737	1.02306e-09
36.3078	1.04177e-09
38.0189	1.05805e-09
39.8107	9.84022e-10
41.6869	9.94918e-10
43.6516	1.00367e-09
45.7088	1.01034e-09
47.863	9.31389e-10
50.1187	9.33988e-10
52.4807	9.349e-10
54.9541	8.56887e-10
57.544	8.55188e-10
60.256	8.52197e-10
63.0957	7.77543e-10
66.0693	7.72724e-10
69.1831	7.66958e-10
72.4436	7.60318e-10
75.8578	6.90155e-10
79.4328	6.829e-10
83.1764	6.75044e-10
87.0964	6.10744e-10
91.2011	6.02617e-10
95.4993	5.94097e-10
100	5.85229e-10
104.713	5.27652e-10
109.648	5.19161e-10
114.815	5.10461e-10
120.226	5.0158e-10
125.893	4.50897e-10
131.826	4.42516e-10
138.038	4.34053e-10
144.544	3.89417e-10
151.356	3.81654e-10
158.489	3.73891e-10
165.959	3.6613e-10
173.78	3.2784e-10
181.97	3.2073e-10
190.546	3.13654e-10
199.526	3.06636e-10
208.93	2.74029e-10
218.776	2.67759e-10
229.087	2.6155e-10
239.883	2.55407e-10
251.189	2.27888e-10
263.027	2.2239e-10
275.423	2.16969e-10
288.403	2.11627e-10
301.995	1.88562e-10
316.228	1.83861e-10
331.131	1.79242e-10
346.737	1.59545e-10
363.078	1.55445e-10
380.189	1.51422e-10
398.107	1.47476e-10
416.869	1.31087e-10
436.516	1.27632e-10
457.088	1.24266e-10
478.63	1.20972e-10
501.187	1.07432e-10
524.807	1.04534e-10
549.541	1.01699e-10
575.44	9.89276e-11
602.56	9.62195e-11
630.957	8.53295e-11
660.693	8.29839e-11
691.831	8.06935e-11
724.436	7.84591e-11
758.578	6.951e-11
794.328	6.75568e-11
831.764	6.56555e-11
870.964	6.38026e-11
912.011	5.64719e-11
954.993	5.48756e-11
1000	5.33203e-11
1047.13	5.18049e-11
1096.48	4.58132e-11
1148.15	4.44916e-11
1202.26	4.32042e-11
1258.93	4.19525e-11
1318.26	3.70618e-11
1380.38	3.59888e-11
1445.44	3.49451e-11
1513.56	3.39319e-11
1584.89	2.9958e-11
1659.59	2.90784e-11
1737.8	2.8223e-11
1819.7	2.73926e-11
1905.46	2.41622e-11
1995.26	2.34461e-11
2089.3	2.27542e-11
2187.76	2.20805e-11
2290.87	1.9464e-11
2398.83	1.88834e-11
2511.89	1.83188e-11
2630.27	1.77714e-11
2754.23	1.72407e-11
2884.03	1.51813e-11
3019.95	1.47284e-11
3162.28	1.42887e-11
3311.31	1.38629e-11
3467.37	1.22e-11
3630.78	1.18304e-11
3801.89	1.14722e-11
3981.07	1.11238e-11
4168.69	9.78016e-12
4365.16	9.48468e-12
4570.88	9.19829e-12
4786.3	8.92104e-12
5011.87	7.84058e-12
5248.07	7.60172e-12
5495.41	7.37012e-12
5754.4	7.14558e-12
6025.6	6.275e-12
6309.57	6.08286e-12
6606.93	5.8975e-12
6918.31	5.71809e-12
7244.36	5.01802e-12
7585.78	4.86381e-12
7943.28	4.71475e-12
8317.64	4.57008e-12
8709.64	4.42996e-12
9120.11	3.88379e-12
9549.93	3.76513e-12
10000	3.65032e-12
10471.3	3.53898e-12
10964.8	3.10142e-12
11481.5	3.006e-12
12022.6	2.91311e-12
12589.3	2.82326e-12
13182.6	2.47133e-12
13803.8	2.39488e-12
14454.4	2.32158e-12
15135.6	2.25059e-12
15848.9	1.96948e-12
16595.9	1.90876e-12
17378	1.84978e-12
18197	1.79275e-12
19054.6	1.56739e-12
19952.6	1.51874e-12
20893	1.47227e-12
21877.6	1.42702e-12
22908.7	1.24695e-12
23988.3	1.20807e-12
25118.9	1.1705e-12
26302.7	1.13429e-12
27542.3	9.90359e-13
28840.3	9.59313e-13
30199.5	9.2985e-13
31622.8	9.01296e-13
33113.1	7.86542e-13
34673.7	7.62105e-13
36307.8	7.3847e-13
38018.9	7.15706e-13
39810.7	6.23926e-13
41686.9	6.04259e-13
43651.6	5.85444e-13
45708.8	5.6731e-13
47863	4.94333e-13
50118.7	4.78978e-13
52480.7	4.64057e-13
54954.1	4.49679e-13
57544	3.91441e-13
60256	3.79158e-13
63095.7	3.67357e-13
66069.3	3.56051e-13
69183.1	3.09831e-13
72443.6	3.00195e-13
75857.8	2.90817e-13
79432.8	2.81764e-13
83176.4	2.44855e-13
87096.4	2.37138e-13
91201.1	2.29746e-13
95499.3	2.22688e-13
100000	1.93485e-13
104713	2.50758e-17
109648	2.32898e-17
114815	2.16349e-17
120226	1.80052e-17
125893	1.67208e-17
131826	1.55347e-17
138038	1.29341e-17
144544	1.20146e-17
151356	1.11622e-17
158489	1.03706e-17
165959	8.63056e-18
173780	8.01947e-18
181970	7.45159e-18
190546	6.9268e-18
199526	5.76614e-18
208930	5.36162e-18
218776	4.98643e-18
229087	4.6379e-18
239883	3.8592e-18
251189	3.58955e-18
263027	3.33873e-18
275423	2.77812e-18
288403	2.58494e-18
301995	2.40549e-18
316228	2.2396e-18
331131	1.86437e-18
346737	1.73546e-18
363078	1.6159e-18
380189	1.34532e-18
398107	1.25318e-18
416869	1.16797e-18
436516	1.0887e-18
457088	9.06832e-19
478630	8.4551e-19
501187	7.88374e-19
524807	6.56661e-19
549541	6.12212e-19
575440	5.71238e-19
602560	5.33294e-19
630957	4.44672e-19
660693	4.15229e-19
691831	3.87799e-19
724436	3.23495e-19
758578	3.02199e-19
794328	2.82509e-19
831764	2.35942e-19
870964	2.2068e-19
912011	2.065e-19
954993	1.93341e-19
1e+06	1.61528e-19
