0.1	1.29705e-20
0.104713	1.29687e-20
0.109648	1.20822e-19
0.114815	4.33918e-19
0.120226	1.10387e-18
0.125893	2.29446e-18
0.131826	4.21776e-18
0.138038	7.19811e-18
0.144544	1.14294e-17
0.151356	1.75056e-17
0.158489	2.55387e-17
0.165959	3.61302e-17
0.17378	5.05176e-17
0.18197	6.8242e-17
0.190546	9.18668e-17
0.199526	1.19989e-16
0.20893	1.54522e-16
0.218776	1.99932e-16
0.229087	2.51646e-16
0.239883	3.19442e-16
0.251189	3.9469e-16
0.263027	4.83615e-16
0.275423	6.00302e-16
0.288403	7.25216e-16
0.301995	8.89796e-16
0.316228	1.06192e-15
0.331131	1.26036e-15
0.346737	1.52325e-15
0.363078	1.78991e-15
0.380189	2.14573e-15
0.398107	2.49882e-15
0.416869	2.89943e-15
0.436516	3.43519e-15
0.457088	3.95569e-15
0.47863	4.65665e-15
0.501187	5.32512e-15
0.524807	6.07729e-15
0.549541	7.08098e-15
0.57544	8.03391e-15
0.60256	9.3093e-15
0.630957	1.05061e-14
0.660693	1.185e-14
0.691831	1.36022e-14
0.724436	1.52751e-14
0.758578	1.74493e-14
0.794328	1.95193e-14
0.831764	2.18432e-14
0.870964	2.47452e-14
0.912011	2.76039e-14
0.954993	3.11457e-14
1	3.46491e-14
1.04713	3.85719e-14
1.09648	4.32321e-14
1.14815	4.80197e-14
1.20226	5.36583e-14
1.25893	5.94907e-14
1.31826	6.59867e-14
1.38038	7.3395e-14
1.44544	8.12882e-14
1.51356	9.02326e-14
1.58489	9.98181e-14
1.65959	1.10434e-13
1.7378	1.2225e-13
1.8197	1.3512e-13
1.90546	1.49401e-13
1.99526	1.65001e-13
2.0893	1.82201e-13
2.18776	2.01162e-13
2.29087	2.21982e-13
2.39883	2.4491e-13
2.51189	2.70101e-13
2.63027	2.9781e-13
2.75423	3.2828e-13
2.88403	3.61772e-13
3.01995	3.9859e-13
3.16228	4.39052e-13
3.31131	4.83518e-13
3.46737	5.3238e-13
3.63078	5.86063e-13
3.80189	6.45039e-13
3.98107	7.09825e-13
4.16869	7.80982e-13
4.36516	8.59136e-13
4.57088	9.44964e-13
4.7863	1.03921e-12
5.01187	1.1427e-12
5.24807	1.25632e-12
5.49541	1.38107e-12
5.7544	1.51801e-12
6.0256	1.66834e-12
6.30957	1.83335e-12
6.60693	2.01445e-12
6.91831	2.21323e-12
7.24436	2.43137e-12
7.58578	2.67075e-12
7.94328	2.93344e-12
8.31764	3.22167e-12
8.70964	3.53792e-12
9.12011	3.88489e-12
9.54993	4.2655e-12
10	4.68309e-12
10.4713	5.14111e-12
10.9648	5.64348e-12
11.4815	6.1945e-12
12.0226	6.79871e-12
12.5893	7.46136e-12
13.1826	8.1879e-12
13.8038	8.9844e-12
14.4544	9.85767e-12
15.1356	1.08147e-11
15.8489	1.18637e-11
16.5959	1.30131e-11
17.378	1.42721e-11
18.197	1.56515e-11
19.0546	1.71618e-11
19.9526	1.88151e-11
20.893	2.0625e-11
21.8776	2.26046e-11
22.9087	2.27547e-11
23.9883	2.49284e-11
25.1189	2.73026e-11
26.3027	2.98962e-11
27.5423	3.27253e-11
28.8403	3.581e-11
30.1995	3.91707e-11
31.6228	4.28262e-11
33.1131	4.68019e-11
34.6737	5.11162e-11
36.3078	5.57925e-11
38.0189	6.08539e-11
39.8107	6.63173e-11
41.6869	7.22104e-11
43.6516	7.85414e-11
45.7088	8.53345e-11
47.863	9.25925e-11
50.1187	1.0033e-10
52.4807	1.08539e-10
54.9541	1.17224e-10
57.544	1.26356e-10
60.256	1.35936e-10
63.0957	1.45909e-10
66.0693	1.5624e-10
69.1831	1.53103e-10
72.4436	1.63079e-10
75.8578	1.73211e-10
79.4328	1.83436e-10
83.1764	1.93682e-10
87.0964	2.0386e-10
91.2011	1.96067e-10
95.4993	2.05059e-10
100	2.13782e-10
104.713	2.22161e-10
109.648	2.30136e-10
114.815	2.17681e-10
120.226	2.24081e-10
125.893	2.29994e-10
131.826	2.35383e-10
138.038	2.19952e-10
144.544	2.23911e-10
151.356	2.27381e-10
158.489	2.30348e-10
165.959	2.13004e-10
173.78	2.14778e-10
181.97	2.16141e-10
190.546	1.98538e-10
199.526	1.99064e-10
208.93	1.9926e-10
218.776	1.99132e-10
229.087	1.81622e-10
239.883	1.80935e-10
251.189	1.80012e-10
263.027	1.63427e-10
275.423	1.62207e-10
288.403	1.60827e-10
301.995	1.45485e-10
316.228	1.43917e-10
331.131	1.42238e-10
346.737	1.40455e-10
363.078	1.26514e-10
380.189	1.2474e-10
398.107	1.22905e-10
416.869	1.2101e-10
436.516	1.08628e-10
457.088	1.0679e-10
478.63	1.04925e-10
501.187	9.39754e-11
524.807	9.22452e-11
549.541	9.05028e-11
575.44	8.87534e-11
602.56	7.93085e-11
630.957	7.76898e-11
660.693	7.60717e-11
691.831	7.4457e-11
724.436	6.63851e-11
758.578	6.49379e-11
794.328	6.35006e-11
831.764	5.65371e-11
870.964	5.52385e-11
912.011	5.39574e-11
954.993	5.26924e-11
1000	4.68272e-11
1047.13	4.57088e-11
1096.48	4.46082e-11
1148.15	4.35248e-11
1202.26	3.8627e-11
1258.93	3.76612e-11
1318.26	3.67111e-11
1380.38	3.57788e-11
1445.44	3.17009e-11
1513.56	3.08891e-11
1584.89	3.00948e-11
1659.59	2.93169e-11
1737.8	2.59485e-11
1819.7	2.52632e-11
1905.46	2.45923e-11
1995.26	2.39373e-11
2089.3	2.11587e-11
2187.76	2.05897e-11
2290.87	2.00336e-11
2398.83	1.94902e-11
2511.89	1.72117e-11
2630.27	1.67382e-11
2754.23	1.62754e-11
2884.03	1.58261e-11
3019.95	1.39598e-11
3162.28	1.35723e-11
3311.31	1.31948e-11
3467.37	1.28277e-11
3630.78	1.1307e-11
3801.89	1.09858e-11
3981.07	1.06735e-11
4168.69	1.03686e-11
4365.16	9.12854e-12
4570.88	8.86791e-12
4786.3	8.61494e-12
5011.87	8.36924e-12
5248.07	7.36429e-12
5495.41	7.15129e-12
5754.4	6.94423e-12
6025.6	6.743e-12
6309.57	5.92763e-12
6606.93	5.75466e-12
6918.31	5.58715e-12
7244.36	5.42461e-12
7585.78	4.76456e-12
7943.28	4.62435e-12
8317.64	4.48855e-12
8709.64	4.35622e-12
9120.11	3.82325e-12
9549.93	3.70967e-12
10000	3.60077e-12
10471.3	3.49502e-12
10964.8	3.06564e-12
11481.5	2.97485e-12
12022.6	2.88643e-12
12589.3	2.80019e-12
13182.6	2.45352e-12
13803.8	2.37916e-12
14454.4	2.30841e-12
15135.6	2.24008e-12
15848.9	1.96183e-12
16595.9	1.90303e-12
17378	1.84599e-12
18197	1.79069e-12
19054.6	1.73703e-12
19952.6	1.51921e-12
20893	1.47375e-12
21877.6	1.4298e-12
22908.7	1.38692e-12
23988.3	1.21225e-12
25118.9	1.17538e-12
26302.7	1.13986e-12
27542.3	1.10555e-12
28840.3	9.65361e-13
30199.5	9.36053e-13
31622.8	9.08031e-13
33113.1	8.80824e-13
34673.7	7.68757e-13
36307.8	7.45409e-13
38018.9	7.22892e-13
39810.7	7.01047e-13
41686.9	6.11091e-13
43651.6	5.9233e-13
45708.8	5.74346e-13
47863	5.56998e-13
50118.7	4.85357e-13
52480.7	4.70568e-13
54954.1	4.56207e-13
57544	3.97319e-13
60256	3.85066e-13
63095.7	3.73219e-13
66069.3	3.6192e-13
69183.1	3.15021e-13
72443.6	3.0542e-13
75857.8	2.96074e-13
79432.8	2.86982e-13
83176.4	2.49483e-13
87096.4	2.41723e-13
91201.1	2.34259e-13
95499.3	2.27168e-13
100000	1.97428e-13
104713	9.37039e-17
109648	8.70614e-17
114815	8.08988e-17
120226	6.73374e-17
125893	6.25521e-17
131826	5.81236e-17
138038	5.40363e-17
144544	4.49682e-17
151356	4.17937e-17
158489	3.88415e-17
165959	3.61091e-17
173780	3.00418e-17
181970	2.79265e-17
190546	2.59599e-17
199526	2.16099e-17
208930	2.0099e-17
218776	1.86975e-17
229087	1.73958e-17
239883	1.44736e-17
251189	1.3467e-17
263027	1.25303e-17
275423	1.16583e-17
288403	9.70194e-18
301995	9.03024e-18
316228	8.40884e-18
331131	6.99952e-18
346737	6.5178e-18
363078	6.06978e-18
380189	5.65523e-18
398107	4.70709e-18
416869	4.38781e-18
436516	4.09115e-18
457088	3.40726e-18
478630	3.17749e-18
501187	2.96349e-18
524807	2.7641e-18
549541	2.30183e-18
575440	2.14768e-18
602560	2.0052e-18
630957	1.6718e-18
660693	1.56144e-18
691831	1.45853e-18
724436	1.21645e-18
758578	1.13668e-18
794328	1.06248e-18
831764	9.94178e-19
870964	8.2997e-19
912011	7.76676e-19
954993	7.27322e-19
1e+06	6.07576e-19
