0.1	4.65046e-13
0.104713	4.99386e-13
0.109648	6.52333e-13
0.114815	7.98169e-13
0.120226	1.02976e-12
0.125893	1.32749e-12
0.131826	1.69927e-12
0.138038	2.0725e-12
0.144544	2.62692e-12
0.151356	3.32472e-12
0.158489	4.04685e-12
0.165959	5.07622e-12
0.17378	6.31177e-12
0.18197	7.82296e-12
0.190546	9.50084e-12
0.199526	1.16504e-11
0.20893	1.41532e-11
0.218776	1.71644e-11
0.229087	2.07343e-11
0.239883	2.47509e-11
0.251189	2.99795e-11
0.263027	3.54407e-11
0.275423	4.16237e-11
0.288403	5.03609e-11
0.301995	5.84715e-11
0.316228	6.72875e-11
0.331131	8.13295e-11
0.346737	9.30087e-11
0.363078	1.05372e-10
0.380189	1.2724e-10
0.398107	1.43009e-10
0.416869	1.5995e-10
0.436516	1.92959e-10
0.457088	2.1426e-10
0.47863	2.3647e-10
0.501187	2.84977e-10
0.524807	3.13186e-10
0.549541	3.42331e-10
0.57544	4.12059e-10
0.60256	4.47776e-10
0.630957	4.85209e-10
0.660693	5.83167e-10
0.691831	6.28768e-10
0.724436	6.75386e-10
0.758578	8.10119e-10
0.794328	8.67032e-10
0.831764	1.03824e-09
0.870964	1.10595e-09
0.912011	1.17336e-09
0.954993	1.40028e-09
1	1.47966e-09
1.04713	1.76053e-09
1.09648	1.84981e-09
1.14815	1.93662e-09
1.20226	2.29013e-09
1.25893	2.38294e-09
1.31826	2.80319e-09
1.38038	3.28725e-09
1.44544	3.38355e-09
1.51356	3.94122e-09
1.58489	4.01849e-09
1.65959	4.64238e-09
1.7378	5.33865e-09
1.8197	5.36135e-09
1.90546	6.10271e-09
1.99526	6.90905e-09
2.0893	7.77374e-09
2.18776	7.61341e-09
2.29087	8.4612e-09
2.39883	9.34447e-09
2.51189	1.02503e-08
2.63027	1.11701e-08
2.75423	1.20882e-08
2.88403	1.30012e-08
3.01995	1.39009e-08
3.16228	1.47766e-08
3.31131	1.56092e-08
3.46737	1.87886e-08
3.63078	1.96429e-08
3.80189	2.04345e-08
3.98107	2.11387e-08
4.16869	2.17634e-08
4.36516	2.55615e-08
4.57088	2.60716e-08
4.7863	2.64758e-08
5.01187	2.68049e-08
5.24807	3.10732e-08
5.49541	3.12648e-08
5.7544	3.13697e-08
6.0256	3.13935e-08
6.30957	3.60205e-08
6.60693	3.58494e-08
6.91831	3.5575e-08
7.24436	4.04652e-08
7.58578	3.99397e-08
7.94328	3.93742e-08
8.31764	3.87665e-08
8.70964	4.39043e-08
9.12011	4.31051e-08
9.54993	4.2262e-08
10	4.13811e-08
10.4713	4.66976e-08
10.9648	4.55925e-08
11.4815	4.4325e-08
12.0226	4.30726e-08
12.5893	4.83757e-08
13.1826	4.69803e-08
13.8038	4.55959e-08
14.4544	4.42026e-08
15.1356	4.28328e-08
15.8489	4.81278e-08
16.5959	4.65873e-08
17.378	4.50458e-08
18.197	4.35208e-08
19.0546	4.18613e-08
19.9526	4.68865e-08
20.893	4.51419e-08
21.8776	4.34679e-08
22.9087	4.18483e-08
23.9883	4.02704e-08
25.1189	3.8757e-08
26.3027	4.35806e-08
27.5423	4.19366e-08
28.8403	4.03352e-08
30.1995	3.87786e-08
31.6228	3.71861e-08
33.1131	3.55682e-08
34.6737	4.00596e-08
36.3078	3.84184e-08
38.0189	3.68551e-08
39.8107	3.53523e-08
41.6869	3.39355e-08
43.6516	3.25753e-08
45.7088	3.70486e-08
47.863	3.55924e-08
50.1187	3.42069e-08
52.4807	3.28638e-08
54.9541	3.14604e-08
57.544	3.00643e-08
60.256	2.88006e-08
63.0957	3.30738e-08
66.0693	3.17611e-08
69.1831	3.05135e-08
72.4436	2.93614e-08
75.8578	2.82576e-08
79.4328	2.71863e-08
83.1764	2.61633e-08
87.0964	3.07699e-08
91.2011	2.97257e-08
95.4993	2.87003e-08
100	2.74545e-08
104.713	2.64567e-08
109.648	2.55147e-08
114.815	2.41754e-08
120.226	2.29178e-08
125.893	2.74082e-08
131.826	2.61975e-08
138.038	2.5035e-08
144.544	2.39272e-08
151.356	2.29681e-08
158.489	2.2064e-08
165.959	2.11906e-08
173.78	2.01749e-08
181.97	1.50443e-08
190.546	1.44128e-08
199.526	1.38367e-08
208.93	1.32955e-08
218.776	1.01322e-08
229.087	9.75729e-09
239.883	9.40049e-09
251.189	9.05601e-09
263.027	6.98971e-09
275.423	6.74111e-09
288.403	6.50258e-09
301.995	6.27381e-09
316.228	4.83985e-09
331.131	4.65017e-09
346.737	4.47247e-09
363.078	4.30863e-09
380.189	3.38093e-09
398.107	3.26181e-09
416.869	3.1502e-09
436.516	3.04253e-09
457.088	2.93916e-09
478.63	2.32567e-09
501.187	2.24958e-09
524.807	2.17635e-09
549.541	2.10449e-09
575.44	1.65565e-09
602.56	1.5939e-09
630.957	1.53575e-09
660.693	1.48144e-09
691.831	1.18209e-09
724.436	1.14201e-09
758.578	1.10477e-09
794.328	1.06863e-09
831.764	8.56915e-10
870.964	8.29253e-10
912.011	8.02737e-10
954.993	7.77122e-10
1000	6.24599e-10
1047.13	5.98204e-10
1096.48	5.76292e-10
1148.15	5.55779e-10
1202.26	5.36655e-10
1258.93	4.32631e-10
1318.26	4.18194e-10
1380.38	4.04755e-10
1445.44	3.91675e-10
1513.56	3.16847e-10
1584.89	3.06738e-10
1659.59	2.97075e-10
1737.8	2.87796e-10
1819.7	2.32932e-10
1905.46	2.23277e-10
1995.26	2.15156e-10
2089.3	2.07522e-10
2187.76	1.68218e-10
2290.87	1.62637e-10
2398.83	1.57246e-10
2511.89	1.5224e-10
2630.27	1.47387e-10
2754.23	1.19952e-10
2884.03	1.1618e-10
3019.95	1.12571e-10
3162.28	1.09094e-10
3311.31	8.88776e-11
3467.37	8.50746e-11
3630.78	8.19706e-11
3801.89	7.90593e-11
3981.07	6.43796e-11
4168.69	6.2262e-11
4365.16	6.02116e-11
4570.88	5.83113e-11
4786.3	4.76442e-11
5011.87	4.61498e-11
5248.07	4.47122e-11
5495.41	4.33333e-11
5754.4	3.54619e-11
6025.6	3.43653e-11
6309.57	3.2906e-11
6606.93	3.16987e-11
6918.31	2.5846e-11
7244.36	2.49722e-11
7585.78	2.41537e-11
7943.28	2.33609e-11
8317.64	2.26263e-11
8709.64	1.8548e-11
9120.11	1.79714e-11
9549.93	1.74179e-11
10000	1.68864e-11
10471.3	1.3861e-11
10964.8	1.34388e-11
11481.5	1.28817e-11
12022.6	1.24025e-11
12589.3	1.01346e-11
13182.6	9.79089e-12
13803.8	9.47066e-12
14454.4	9.16287e-12
15135.6	7.52405e-12
15848.9	7.29337e-12
16595.9	7.06889e-12
17378	6.85403e-12
18197	5.63621e-12
19054.6	5.46932e-12
19952.6	5.30624e-12
20893	5.10025e-12
21877.6	4.1617e-12
22908.7	4.01326e-12
23988.3	3.87545e-12
25118.9	3.74837e-12
26302.7	3.08146e-12
27542.3	2.98397e-12
28840.3	2.89426e-12
30199.5	2.80642e-12
31622.8	2.31189e-12
33113.1	2.24291e-12
34673.7	2.17738e-12
36307.8	2.11424e-12
38018.9	1.74192e-12
39810.7	1.66482e-12
41686.9	1.60505e-12
43651.6	1.54938e-12
45708.8	1.27408e-12
47863	1.23393e-12
50118.7	1.19505e-12
52480.7	1.15928e-12
54954.1	9.56444e-13
57544	9.28255e-13
60256	9.01286e-13
63095.7	8.75416e-13
66069.3	7.23144e-13
69183.1	7.02468e-13
72443.6	6.74225e-13
75857.8	6.49224e-13
79432.8	5.33178e-13
83176.4	5.15592e-13
87096.4	4.99425e-13
91201.1	4.84153e-13
95499.3	3.99615e-13
100000	3.88201e-13
104713	3.77008e-13
109648	3.66337e-13
114815	3.02924e-13
120226	2.94611e-13
125893	2.86648e-13
131826	2.78757e-13
138038	2.26943e-13
144544	2.19015e-13
151356	2.11667e-13
158489	2.05003e-13
165959	1.69391e-13
173780	1.644e-13
181970	1.59718e-13
190546	1.32309e-13
199526	1.28679e-13
208930	1.25218e-13
218776	1.21866e-13
229087	1.01042e-13
239883	9.8448e-14
251189	9.58767e-14
263027	9.17569e-14
275423	7.55539e-14
288403	7.31407e-14
301995	7.09585e-14
316228	5.87523e-14
331131	5.7123e-14
346737	5.55851e-14
363078	5.41747e-14
380189	4.49671e-14
398107	4.38402e-14
416869	4.27506e-14
436516	4.17163e-14
457088	3.46828e-14
478630	3.3851e-14
501187	3.25828e-14
524807	2.68664e-14
549541	2.6062e-14
575440	2.53207e-14
602560	2.10037e-14
630957	2.0475e-14
660693	1.99598e-14
691831	1.94932e-14
724436	1.62294e-14
758578	1.5859e-14
794328	1.55074e-14
831764	1.29147e-14
870964	1.26416e-14
912011	1.23827e-14
954993	1.03176e-14
1e+06	9.9868e-15
