0.1	5.97405e-10
0.104713	5.21223e-10
0.109648	5.35373e-10
0.114815	6.22878e-10
0.120226	6.42407e-10
0.125893	6.66198e-10
0.131826	6.94042e-10
0.138038	8.05539e-10
0.144544	8.41964e-10
0.151356	8.82893e-10
0.158489	1.02318e-09
0.165959	1.07532e-09
0.17378	1.13277e-09
0.18197	1.19566e-09
0.190546	1.38326e-09
0.199526	1.46197e-09
0.20893	1.54751e-09
0.218776	1.78838e-09
0.229087	1.89476e-09
0.239883	2.00966e-09
0.251189	2.32022e-09
0.263027	2.46248e-09
0.275423	2.61558e-09
0.288403	3.01714e-09
0.301995	3.20607e-09
0.316228	3.4092e-09
0.331131	3.92934e-09
0.346737	4.17928e-09
0.363078	4.44705e-09
0.380189	5.1213e-09
0.398107	5.44983e-09
0.416869	5.8011e-09
0.436516	6.67479e-09
0.457088	7.10433e-09
0.47863	7.56356e-09
0.501187	8.69389e-09
0.524807	9.25298e-09
0.549541	9.84781e-09
0.57544	1.13054e-08
0.60256	1.20251e-08
0.630957	1.27879e-08
0.660693	1.46565e-08
0.691831	1.55712e-08
0.724436	1.65389e-08
0.758578	1.8912e-08
0.794328	2.00557e-08
0.831764	2.28892e-08
0.870964	2.42248e-08
0.912011	2.56099e-08
0.954993	2.91117e-08
1	3.06851e-08
1.04713	3.47577e-08
1.09648	3.64976e-08
1.14815	3.82506e-08
1.20226	4.30228e-08
1.25893	4.48474e-08
1.31826	5.01363e-08
1.38038	5.5859e-08
1.44544	5.76124e-08
1.51356	6.36637e-08
1.58489	6.50991e-08
1.65959	7.1254e-08
1.7378	7.75796e-08
1.8197	7.80832e-08
1.90546	8.40356e-08
1.99526	8.98816e-08
2.0893	9.55183e-08
2.18776	9.3748e-08
2.29087	9.83074e-08
2.39883	1.02388e-07
2.51189	1.05914e-07
2.63027	1.08823e-07
2.75423	1.11069e-07
2.88403	1.12631e-07
3.01995	1.13505e-07
3.16228	1.13705e-07
3.31131	1.13264e-07
3.46737	1.20816e-07
3.63078	1.19139e-07
3.80189	1.16938e-07
3.98107	1.14284e-07
4.16869	1.11245e-07
4.36516	1.16206e-07
4.57088	1.12343e-07
4.7863	1.08305e-07
5.01187	1.0413e-07
5.24807	1.07628e-07
5.49541	1.03006e-07
5.7544	9.83837e-08
6.0256	9.37968e-08
6.30957	9.62871e-08
6.60693	9.1558e-08
6.91831	8.69471e-08
7.24436	8.9003e-08
7.58578	8.43518e-08
7.94328	7.98671e-08
8.31764	7.55558e-08
8.70964	7.71606e-08
9.12011	7.29333e-08
9.54993	6.88942e-08
10	6.5043e-08
10.4713	6.64031e-08
10.9648	6.26526e-08
11.4815	5.90888e-08
12.0226	5.57137e-08
12.5893	5.69038e-08
13.1826	5.36515e-08
13.8038	5.057e-08
14.4544	4.76655e-08
15.1356	4.49162e-08
15.8489	4.59186e-08
16.5959	4.32665e-08
17.378	4.07782e-08
18.197	3.84289e-08
19.0546	3.62077e-08
19.9526	3.71031e-08
20.893	3.49715e-08
21.8776	3.29569e-08
22.9087	3.10532e-08
23.9883	2.92682e-08
25.1189	2.75909e-08
26.3027	2.83687e-08
27.5423	2.67455e-08
28.8403	2.52257e-08
30.1995	2.37886e-08
31.6228	2.24299e-08
33.1131	2.11478e-08
34.6737	2.18469e-08
36.3078	2.06204e-08
38.0189	1.94598e-08
39.8107	1.83654e-08
41.6869	1.734e-08
43.6516	1.63691e-08
45.7088	1.70104e-08
47.863	1.6067e-08
50.1187	1.51863e-08
52.4807	1.43543e-08
54.9541	1.35655e-08
57.544	1.28222e-08
60.256	1.21266e-08
63.0957	1.27233e-08
66.0693	1.2039e-08
69.1831	1.13938e-08
72.4436	1.07931e-08
75.8578	1.02246e-08
79.4328	9.68427e-09
83.1764	9.17389e-09
87.0964	9.76206e-09
91.2011	9.26713e-09
95.4993	8.79567e-09
100	8.34889e-09
104.713	7.93687e-09
109.648	7.54631e-09
114.815	7.04234e-09
120.226	6.57152e-09
125.893	7.03244e-09
131.826	6.58894e-09
138.038	6.17269e-09
144.544	5.78203e-09
151.356	5.42982e-09
158.489	5.09368e-09
165.959	4.78584e-09
173.78	4.49627e-09
181.97	3.65561e-09
190.546	3.43939e-09
199.526	3.23738e-09
208.93	3.0469e-09
218.776	2.50486e-09
229.087	2.35916e-09
239.883	2.22231e-09
251.189	2.09316e-09
263.027	1.73568e-09
275.423	1.63549e-09
288.403	1.54089e-09
301.995	1.45218e-09
316.228	1.2124e-09
331.131	1.1432e-09
346.737	1.07815e-09
363.078	1.01659e-09
380.189	8.53268e-10
398.107	8.04699e-10
416.869	7.58798e-10
436.516	7.15425e-10
457.088	6.74546e-10
478.63	5.68923e-10
501.187	5.36699e-10
524.807	5.06451e-10
549.541	4.77848e-10
575.44	4.04556e-10
602.56	3.81724e-10
630.957	3.60136e-10
660.693	3.39726e-10
691.831	2.88426e-10
724.436	2.7215e-10
758.578	2.56853e-10
794.328	2.4245e-10
831.764	2.06455e-10
870.964	1.9487e-10
912.011	1.83913e-10
954.993	1.7355e-10
1000	1.48064e-10
1047.13	1.39712e-10
1096.48	1.31831e-10
1148.15	1.24455e-10
1202.26	1.17488e-10
1258.93	1.00465e-10
1318.26	9.48318e-11
1380.38	8.95036e-11
1445.44	8.44644e-11
1513.56	7.23183e-11
1584.89	6.82393e-11
1659.59	6.43921e-11
1737.8	6.0793e-11
1819.7	5.2142e-11
1905.46	4.92214e-11
1995.26	4.64588e-11
2089.3	4.38459e-11
2187.76	3.76389e-11
2290.87	3.55171e-11
2398.83	3.35107e-11
2511.89	3.16249e-11
2630.27	2.98537e-11
2754.23	2.56628e-11
2884.03	2.42223e-11
3019.95	2.286e-11
3162.28	2.15716e-11
3311.31	1.85536e-11
3467.37	1.75051e-11
3630.78	1.65138e-11
3801.89	1.55863e-11
3981.07	1.34205e-11
4168.69	1.26667e-11
4365.16	1.19538e-11
4570.88	1.12796e-11
4786.3	9.71594e-12
5011.87	9.16629e-12
5248.07	8.64664e-12
5495.41	8.15758e-12
5754.4	7.03285e-12
6025.6	6.6369e-12
6309.57	6.26286e-12
6606.93	5.9092e-12
6918.31	5.09589e-12
7244.36	4.80719e-12
7585.78	4.53428e-12
7943.28	4.27633e-12
8317.64	4.03496e-12
8709.64	3.482e-12
9120.11	3.28529e-12
9549.93	3.09949e-12
10000	2.92384e-12
10471.3	2.52348e-12
10964.8	2.37998e-12
11481.5	2.24435e-12
12022.6	2.11674e-12
12589.3	1.82813e-12
13182.6	1.72465e-12
13803.8	1.62688e-12
14454.4	1.53453e-12
15135.6	1.32533e-12
15848.9	1.24983e-12
16595.9	1.17848e-12
17378	1.11107e-12
18197	9.60124e-13
19054.6	9.05701e-13
19952.6	8.54258e-13
20893	8.05663e-13
21877.6	6.96215e-13
22908.7	6.56487e-13
23988.3	6.18946e-13
25118.9	5.83476e-13
26302.7	5.04311e-13
27542.3	4.75689e-13
28840.3	4.48636e-13
30199.5	4.23067e-13
31622.8	3.65755e-13
33113.1	3.44852e-13
34673.7	3.25102e-13
36307.8	3.06443e-13
38018.9	2.64904e-13
39810.7	2.49855e-13
41686.9	2.35632e-13
43651.6	2.2219e-13
45708.8	1.92158e-13
47863	1.81165e-13
50118.7	1.70779e-13
52480.7	1.60967e-13
54954.1	1.39175e-13
57544	1.31256e-13
60256	1.23781e-13
63095.7	1.16717e-13
66069.3	1.00974e-13
69183.1	9.51951e-14
72443.6	8.97352e-14
75857.8	8.45777e-14
79432.8	7.31503e-14
83176.4	6.89794e-14
87096.4	6.50531e-14
91201.1	6.1343e-14
95499.3	5.30872e-14
100000	5.00507e-14
104713	4.7182e-14
109648	4.44723e-14
114815	3.84761e-14
120226	3.62831e-14
125893	3.42217e-14
131826	3.22738e-14
138038	2.79409e-14
144544	2.63461e-14
151356	2.48395e-14
158489	2.34163e-14
165959	2.02667e-14
173780	1.91159e-14
181970	1.80339e-14
190546	1.56212e-14
199526	1.47345e-14
208930	1.3897e-14
218776	1.31058e-14
229087	1.13495e-14
239883	1.07013e-14
251189	1.00986e-14
263027	9.53062e-15
275423	8.26023e-15
288403	7.79474e-15
301995	7.35486e-15
316228	6.37364e-15
331131	6.01302e-15
346737	5.67293e-15
363078	5.35737e-15
380189	4.64697e-15
398107	4.38815e-15
416869	4.1435e-15
436516	3.91225e-15
457088	3.39306e-15
478630	3.20335e-15
501187	3.02572e-15
524807	2.62713e-15
549541	2.48309e-15
575440	2.34688e-15
602560	2.03773e-15
630957	1.92585e-15
660693	1.82008e-15
691831	1.72008e-15
724436	1.4952e-15
758578	1.41492e-15
794328	1.33896e-15
831764	1.16416e-15
870964	1.10169e-15
912011	1.04259e-15
954993	9.06557e-16
1e+06	8.58545e-16
