0.1	5.9787e-10
0.104713	5.21722e-10
0.109648	5.36025e-10
0.114815	6.23676e-10
0.120226	6.43437e-10
0.125893	6.67525e-10
0.131826	6.95741e-10
0.138038	8.07611e-10
0.144544	8.44591e-10
0.151356	8.86218e-10
0.158489	1.02723e-09
0.165959	1.0804e-09
0.17378	1.13908e-09
0.18197	1.20348e-09
0.190546	1.39276e-09
0.199526	1.47362e-09
0.20893	1.56167e-09
0.218776	1.80555e-09
0.229087	1.9155e-09
0.239883	2.03441e-09
0.251189	2.3502e-09
0.263027	2.49792e-09
0.275423	2.65721e-09
0.288403	3.0675e-09
0.301995	3.26455e-09
0.316228	3.47649e-09
0.331131	4.01067e-09
0.346737	4.27229e-09
0.363078	4.55242e-09
0.380189	5.24854e-09
0.398107	5.59284e-09
0.416869	5.96105e-09
0.436516	6.86774e-09
0.457088	7.31859e-09
0.47863	7.80003e-09
0.501187	8.97886e-09
0.524807	9.56616e-09
0.549541	1.01901e-08
0.57544	1.17174e-08
0.60256	1.24729e-08
0.630957	1.32731e-08
0.660693	1.52397e-08
0.691831	1.61999e-08
0.724436	1.72143e-08
0.758578	1.97221e-08
0.794328	2.09227e-08
0.831764	2.39274e-08
0.870964	2.53308e-08
0.912011	2.67832e-08
0.954993	3.0512e-08
1	3.21647e-08
1.04713	3.65182e-08
1.09648	3.83474e-08
1.14815	4.01872e-08
1.20226	4.53129e-08
1.25893	4.72303e-08
1.31826	5.29395e-08
1.38038	5.91463e-08
1.44544	6.0996e-08
1.51356	6.76049e-08
1.58489	6.91176e-08
1.65959	7.58964e-08
1.7378	8.29182e-08
1.8197	8.34445e-08
1.90546	9.01383e-08
1.99526	9.67906e-08
2.0893	1.03292e-07
2.18776	1.01361e-07
2.29087	1.06769e-07
2.39883	1.11733e-07
2.51189	1.16164e-07
2.63027	1.19993e-07
2.75423	1.23157e-07
2.88403	1.25633e-07
3.01995	1.27406e-07
3.16228	1.28482e-07
3.31131	1.28873e-07
3.46737	1.39605e-07
3.63078	1.38781e-07
3.80189	1.37373e-07
3.98107	1.35422e-07
4.16869	1.33009e-07
4.36516	1.41768e-07
4.57088	1.38414e-07
4.7863	1.34781e-07
5.01187	1.30934e-07
5.24807	1.38701e-07
5.49541	1.34271e-07
5.7544	1.29753e-07
6.0256	1.2519e-07
6.30957	1.32308e-07
6.60693	1.27407e-07
6.91831	1.22522e-07
7.24436	1.29468e-07
7.58578	1.24292e-07
7.94328	1.19241e-07
8.31764	1.14322e-07
8.70964	1.21065e-07
9.12011	1.16038e-07
9.54993	1.11156e-07
10	1.06424e-07
10.4713	1.13101e-07
10.9648	1.08245e-07
11.4815	1.03414e-07
12.0226	9.87863e-08
12.5893	1.05279e-07
13.1826	1.00632e-07
13.8038	9.61658e-08
14.4544	9.18681e-08
15.1356	8.7749e-08
15.8489	9.40464e-08
16.5959	8.98537e-08
17.378	8.5824e-08
18.197	8.19497e-08
19.0546	7.8069e-08
19.9526	8.39896e-08
20.893	8.01133e-08
21.8776	7.64247e-08
22.9087	7.29015e-08
23.9883	6.95386e-08
25.1189	6.63479e-08
26.3027	7.19492e-08
27.5423	6.86821e-08
28.8403	6.55609e-08
30.1995	6.25671e-08
31.6228	5.96161e-08
33.1131	5.6716e-08
34.6737	6.19065e-08
36.3078	5.90388e-08
38.0189	5.63149e-08
39.8107	5.37176e-08
41.6869	5.12755e-08
43.6516	4.89445e-08
45.7088	5.40589e-08
47.863	5.16594e-08
50.1187	4.93932e-08
52.4807	4.7218e-08
54.9541	4.50259e-08
57.544	4.28865e-08
60.256	4.09272e-08
63.0957	4.57971e-08
66.0693	4.38002e-08
69.1831	4.19073e-08
72.4436	4.01545e-08
75.8578	3.84822e-08
79.4328	3.68706e-08
83.1764	3.53372e-08
87.0964	4.0532e-08
91.2011	3.89928e-08
95.4993	3.7496e-08
100	3.58034e-08
104.713	3.43935e-08
109.648	3.3061e-08
114.815	3.12177e-08
120.226	2.94893e-08
125.893	3.44406e-08
131.826	3.27864e-08
138.038	3.12077e-08
144.544	2.97092e-08
151.356	2.8398e-08
158.489	2.71577e-08
165.959	2.59764e-08
173.78	2.46712e-08
181.97	1.86999e-08
190.546	1.78522e-08
199.526	1.70741e-08
208.93	1.63424e-08
218.776	1.26371e-08
229.087	1.21165e-08
239.883	1.16228e-08
251.189	1.11492e-08
263.027	8.72539e-09
275.423	8.3766e-09
288.403	8.04347e-09
301.995	7.72599e-09
316.228	6.05226e-09
331.131	5.79337e-09
346.737	5.55063e-09
363.078	5.32522e-09
380.189	4.23419e-09
398.107	4.06651e-09
416.869	3.909e-09
436.516	3.75795e-09
457.088	3.61371e-09
478.63	2.89459e-09
501.187	2.78628e-09
524.807	2.6828e-09
549.541	2.58234e-09
575.44	2.06021e-09
602.56	1.97562e-09
630.957	1.89589e-09
660.693	1.82116e-09
691.831	1.47052e-09
724.436	1.41416e-09
758.578	1.36163e-09
794.328	1.31108e-09
831.764	1.06337e-09
870.964	1.02412e-09
912.011	9.8665e-10
954.993	9.50672e-10
1000	7.72663e-10
1047.13	7.37917e-10
1096.48	7.08122e-10
1148.15	6.80234e-10
1202.26	6.54142e-10
1258.93	5.33096e-10
1318.26	5.13025e-10
1380.38	4.94258e-10
1445.44	4.7614e-10
1513.56	3.89165e-10
1584.89	3.74977e-10
1659.59	3.61467e-10
1737.8	3.48589e-10
1819.7	2.85074e-10
1905.46	2.72499e-10
1995.26	2.61615e-10
2089.3	2.51367e-10
2187.76	2.05856e-10
2290.87	1.98154e-10
2398.83	1.90757e-10
2511.89	1.83865e-10
2630.27	1.7724e-10
2754.23	1.45615e-10
2884.03	1.40402e-10
3019.95	1.35431e-10
3162.28	1.30665e-10
3311.31	1.07431e-10
3467.37	1.0258e-10
3630.78	9.84844e-11
3801.89	9.46457e-11
3981.07	7.78001e-11
4168.69	7.49287e-11
4365.16	7.21653e-11
4570.88	6.95908e-11
4786.3	5.73602e-11
5011.87	5.53161e-11
5248.07	5.33589e-11
5495.41	5.14908e-11
5754.4	4.24947e-11
6025.6	4.10022e-11
6309.57	3.91689e-11
6606.93	3.76078e-11
6918.31	3.09419e-11
7244.36	2.97794e-11
7585.78	2.86879e-11
7943.28	2.76372e-11
8317.64	2.66612e-11
8709.64	2.203e-11
9120.11	2.12567e-11
9549.93	2.05174e-11
10000	1.98103e-11
10471.3	1.63845e-11
10964.8	1.58187e-11
11481.5	1.5126e-11
12022.6	1.45192e-11
12589.3	1.19627e-11
13182.6	1.15155e-11
13803.8	1.10975e-11
14454.4	1.06974e-11
15135.6	8.84938e-12
15848.9	8.54321e-12
16595.9	8.24738e-12
17378	7.96509e-12
18197	6.59633e-12
19054.6	6.37502e-12
19952.6	6.1605e-12
20893	5.90592e-12
21877.6	4.85792e-12
22908.7	4.66974e-12
23988.3	4.4944e-12
25118.9	4.33184e-12
26302.7	3.58577e-12
27542.3	3.45966e-12
28840.3	3.34289e-12
30199.5	3.22949e-12
31622.8	2.67765e-12
33113.1	2.58776e-12
34673.7	2.50248e-12
36307.8	2.42069e-12
38018.9	2.00682e-12
39810.7	1.91467e-12
41686.9	1.84068e-12
43651.6	1.77157e-12
45708.8	1.46624e-12
47863	1.4151e-12
50118.7	1.36583e-12
52480.7	1.32024e-12
54954.1	1.09562e-12
57544	1.05951e-12
60256	1.02507e-12
63095.7	9.92133e-13
66069.3	8.24119e-13
69183.1	7.97663e-13
72443.6	7.6396e-13
75857.8	7.33802e-13
79432.8	6.06328e-13
83176.4	5.84571e-13
87096.4	5.64478e-13
91201.1	5.45496e-13
95499.3	4.52702e-13
100000	4.38252e-13
104713	4.2419e-13
109648	4.10809e-13
114815	3.414e-13
120226	3.30894e-13
125893	3.2087e-13
131826	3.1103e-13
138038	2.54884e-13
144544	2.45361e-13
151356	2.36507e-13
158489	2.28419e-13
165959	1.89658e-13
173780	1.83516e-13
181970	1.77752e-13
190546	1.4793e-13
199526	1.43414e-13
208930	1.39115e-13
218776	1.34972e-13
229087	1.12392e-13
239883	1.09149e-13
251189	1.05975e-13
263027	1.01288e-13
275423	8.38141e-14
288403	8.09355e-14
301995	7.83134e-14
316228	6.51259e-14
331131	6.3136e-14
346737	6.1258e-14
363078	5.95321e-14
380189	4.96141e-14
398107	4.82284e-14
416869	4.68941e-14
436516	4.56286e-14
457088	3.80758e-14
478630	3.70543e-14
501187	3.56086e-14
524807	2.94935e-14
549541	2.85451e-14
575440	2.76676e-14
602560	2.30414e-14
630957	2.24009e-14
660693	2.17799e-14
691831	2.12133e-14
724436	1.77246e-14
758578	1.72739e-14
794328	1.68464e-14
831764	1.40789e-14
870964	1.37433e-14
912011	1.34253e-14
954993	1.12242e-14
1e+06	1.08453e-14
