0.1	4.27216e-10
0.104713	3.72583e-10
0.109648	3.8254e-10
0.114815	4.45065e-10
0.120226	4.58828e-10
0.125893	4.75621e-10
0.131826	4.95291e-10
0.138038	5.74858e-10
0.144544	6.00599e-10
0.151356	6.29526e-10
0.158489	7.29558e-10
0.165959	7.66406e-10
0.17378	8.0701e-10
0.18197	8.51447e-10
0.190546	9.85045e-10
0.199526	1.04066e-09
0.20893	1.10108e-09
0.218776	1.27247e-09
0.229087	1.3476e-09
0.239883	1.42872e-09
0.251189	1.64952e-09
0.263027	1.74995e-09
0.275423	1.85801e-09
0.288403	2.14329e-09
0.301995	2.27663e-09
0.316228	2.41997e-09
0.331131	2.78923e-09
0.346737	2.96561e-09
0.363078	3.15455e-09
0.380189	3.63295e-09
0.398107	3.86479e-09
0.416869	4.1127e-09
0.436516	4.73231e-09
0.457088	5.03555e-09
0.47863	5.35979e-09
0.501187	6.16119e-09
0.524807	6.55613e-09
0.549541	6.97647e-09
0.57544	8.00983e-09
0.60256	8.51868e-09
0.630957	9.05825e-09
0.660693	1.03833e-08
0.691831	1.10309e-08
0.724436	1.17162e-08
0.758578	1.34e-08
0.794328	1.42109e-08
0.831764	1.62226e-08
0.870964	1.7171e-08
0.912011	1.8155e-08
0.954993	2.06444e-08
1	2.17645e-08
1.04713	2.46634e-08
1.09648	2.59054e-08
1.14815	2.71581e-08
1.20226	3.05638e-08
1.25893	3.18738e-08
1.31826	3.56577e-08
1.38038	3.97512e-08
1.44544	4.10331e-08
1.51356	4.53858e-08
1.58489	4.64462e-08
1.65959	5.08959e-08
1.7378	5.54842e-08
1.8197	5.59074e-08
1.90546	6.02606e-08
1.99526	6.45596e-08
2.0893	6.87306e-08
2.18776	6.75615e-08
2.29087	7.09895e-08
2.39883	7.40969e-08
2.51189	7.68277e-08
2.63027	7.91364e-08
2.75423	8.09874e-08
2.88403	8.23628e-08
3.01995	8.32563e-08
3.16228	8.36743e-08
3.31131	8.36339e-08
3.46737	8.95724e-08
3.63078	8.86545e-08
3.80189	8.73555e-08
3.98107	8.57211e-08
4.16869	8.37996e-08
4.36516	8.80072e-08
4.57088	8.54868e-08
4.7863	8.28083e-08
5.01187	8.00106e-08
5.24807	8.32321e-08
5.49541	8.00951e-08
5.7544	7.69381e-08
6.0256	7.37872e-08
6.30957	7.63306e-08
6.60693	7.30384e-08
6.91831	6.98129e-08
7.24436	7.20851e-08
7.58578	6.88079e-08
7.94328	6.56339e-08
8.31764	6.25692e-08
8.70964	6.45805e-08
9.12011	6.15417e-08
9.54993	5.86256e-08
10	5.58329e-08
10.4713	5.76912e-08
10.9648	5.49522e-08
11.4815	5.23365e-08
12.0226	4.9845e-08
12.5893	5.16319e-08
13.1826	4.92036e-08
13.8038	4.68904e-08
14.4544	4.46942e-08
15.1356	4.26029e-08
15.8489	4.43355e-08
16.5959	4.22996e-08
17.378	4.0367e-08
18.197	3.85272e-08
19.0546	3.67745e-08
19.9526	3.84438e-08
20.893	3.6739e-08
21.8776	3.5114e-08
22.9087	3.35648e-08
23.9883	3.2093e-08
25.1189	3.06908e-08
26.3027	3.23259e-08
27.5423	3.09497e-08
28.8403	2.96407e-08
30.1995	2.83886e-08
31.6228	2.71903e-08
33.1131	2.60443e-08
34.6737	2.77005e-08
36.3078	2.65726e-08
38.0189	2.54907e-08
39.8107	2.44549e-08
41.6869	2.34672e-08
43.6516	2.25184e-08
45.7088	2.41413e-08
47.863	2.31974e-08
50.1187	2.22969e-08
52.4807	2.14297e-08
54.9541	2.05933e-08
57.544	1.97906e-08
60.256	1.90256e-08
63.0957	2.06818e-08
66.0693	1.99105e-08
69.1831	1.91708e-08
72.4436	1.84698e-08
75.8578	1.7792e-08
79.4328	1.71362e-08
83.1764	1.65064e-08
87.0964	1.83276e-08
91.2011	1.77067e-08
95.4993	1.7104e-08
100	1.65209e-08
104.713	1.59816e-08
109.648	1.54583e-08
114.815	1.46762e-08
120.226	1.39332e-08
125.893	1.56096e-08
131.826	1.49045e-08
138.038	1.42307e-08
144.544	1.35867e-08
151.356	1.30125e-08
158.489	1.24563e-08
165.959	1.19351e-08
173.78	1.14344e-08
181.97	9.13049e-09
190.546	8.7577e-09
199.526	8.40604e-09
208.93	8.06887e-09
218.776	6.46047e-09
229.087	6.20315e-09
239.883	5.95647e-09
251.189	5.71981e-09
263.027	4.62044e-09
275.423	4.43763e-09
288.403	4.26223e-09
301.995	4.09578e-09
316.228	3.32647e-09
331.131	3.19745e-09
346.737	3.07384e-09
363.078	2.95582e-09
380.189	2.40533e-09
398.107	2.31315e-09
416.869	2.22462e-09
436.516	2.13958e-09
457.088	2.05821e-09
478.63	1.68425e-09
501.187	1.62079e-09
524.807	1.55989e-09
549.541	1.50137e-09
575.44	1.2319e-09
602.56	1.18551e-09
630.957	1.14095e-09
660.693	1.09815e-09
691.831	9.02342e-10
724.436	8.68644e-10
758.578	8.36371e-10
794.328	8.0538e-10
831.764	6.63986e-10
870.964	6.39318e-10
912.011	6.15611e-10
954.993	5.92825e-10
1000	4.89498e-10
1047.13	4.71233e-10
1096.48	4.5377e-10
1148.15	4.37073e-10
1202.26	4.21032e-10
1258.93	3.48016e-10
1318.26	3.35208e-10
1380.38	3.229e-10
1445.44	3.11069e-10
1513.56	2.57591e-10
1584.89	2.4812e-10
1659.59	2.39023e-10
1737.8	2.30312e-10
1819.7	1.90896e-10
1905.46	1.83875e-10
1995.26	1.77145e-10
2089.3	1.7068e-10
2187.76	1.41597e-10
2290.87	1.36413e-10
2398.83	1.31431e-10
2511.89	1.26651e-10
2630.27	1.22065e-10
2754.23	1.0136e-10
2884.03	9.76752e-11
3019.95	9.41331e-11
3162.28	9.07281e-11
3311.31	7.53772e-11
3467.37	7.26223e-11
3630.78	6.99836e-11
3801.89	6.7454e-11
3981.07	5.60832e-11
4168.69	5.40501e-11
4365.16	5.20962e-11
4570.88	5.022e-11
4786.3	4.17817e-11
5011.87	4.02712e-11
5248.07	3.88192e-11
5495.41	3.74246e-11
5754.4	3.11501e-11
6025.6	3.00266e-11
6309.57	2.89392e-11
6606.93	2.78974e-11
6918.31	2.32293e-11
7244.36	2.23909e-11
7585.78	2.15854e-11
7943.28	2.08112e-11
8317.64	2.00697e-11
8709.64	1.67166e-11
9120.11	1.61187e-11
9549.93	1.55433e-11
10000	1.49901e-11
10471.3	1.24886e-11
10964.8	1.20422e-11
11481.5	1.16103e-11
12022.6	1.11964e-11
12589.3	9.33109e-12
13182.6	8.9984e-12
13803.8	8.67851e-12
14454.4	8.37062e-12
15135.6	6.97825e-12
15848.9	6.73056e-12
16595.9	6.4924e-12
17378	6.26349e-12
18197	5.22371e-12
19054.6	5.03933e-12
19952.6	4.862e-12
20893	4.69019e-12
21877.6	3.91142e-12
22908.7	3.77272e-12
23988.3	3.63955e-12
25118.9	3.51172e-12
26302.7	2.9299e-12
27542.3	2.82701e-12
28840.3	2.72845e-12
30199.5	2.63365e-12
31622.8	2.19796e-12
33113.1	2.12106e-12
34673.7	2.04716e-12
36307.8	1.97612e-12
38018.9	1.64947e-12
39810.7	1.59161e-12
41686.9	1.53628e-12
43651.6	1.48311e-12
45708.8	1.23823e-12
47863	1.19525e-12
50118.7	1.15391e-12
52480.7	1.11431e-12
54954.1	9.30599e-13
57544	8.98687e-13
60256	8.68022e-13
63095.7	8.38538e-13
66069.3	7.00489e-13
69183.1	6.76522e-13
72443.6	6.53287e-13
75857.8	6.31001e-13
79432.8	5.27047e-13
83176.4	5.09118e-13
87096.4	4.91932e-13
91201.1	4.75416e-13
95499.3	3.97287e-13
100000	3.83928e-13
104713	3.71074e-13
109648	3.58719e-13
114815	2.99815e-13
120226	2.89851e-13
125893	2.80282e-13
131826	2.71068e-13
138038	2.2653e-13
144544	2.18996e-13
151356	2.11752e-13
158489	2.04809e-13
165959	1.71243e-13
173780	1.65652e-13
181970	1.60294e-13
190546	1.34126e-13
199526	1.29786e-13
208930	1.25606e-13
218776	1.21585e-13
229087	1.01742e-13
239883	9.8491e-14
251189	9.53717e-14
263027	9.23335e-14
275423	7.72755e-14
288403	7.48192e-14
301995	7.24659e-14
316228	6.0679e-14
331131	5.87787e-14
346737	5.69563e-14
363078	5.52204e-14
380189	4.62685e-14
398107	4.48535e-14
416869	4.34922e-14
436516	4.21847e-14
457088	3.53541e-14
478630	3.42946e-14
501187	3.32658e-14
524807	2.7892e-14
549541	2.70604e-14
575440	2.6262e-14
602560	2.20319e-14
630957	2.13889e-14
660693	2.07705e-14
691831	2.018e-14
724436	1.69449e-14
758578	1.64659e-14
794328	1.60057e-14
831764	1.34455e-14
870964	1.30734e-14
912011	1.27162e-14
954993	1.06896e-14
1e+06	1.03972e-14
