4.14375e-07 5.23353e-25 1.49554e-23 4.82325e-23 6.40617e-23 7.35282e-23
6.5674e-07 2.0835e-24 5.95383e-23 1.92017e-22 2.55041e-22 2.9277e-22
1.04086e-06 8.29453e-24 2.37026e-22 7.64432e-22 1.01537e-21 1.1658e-21
1.64966e-06 3.3021e-23 9.43615e-22 3.04326e-21 4.04248e-21 4.64249e-21
2.61453e-06 -nan 3.75659e-21 1.21155e-20 1.60945e-20 1.84893e-20
4.14375e-06 -2.1282e+298 1.49552e-20 4.82327e-20 6.40795e-20 7.36455e-20
6.5674e-06 2.08346e-21 5.95378e-20 1.92019e-19 2.55137e-19 2.93391e-19
1.04086e-05 8.2944e-21 2.37024e-19 7.64451e-19 1.01589e-18 1.1691e-18
1.64966e-05 -nan 9.4361e-19 3.04338e-18 4.04524e-18 4.66011e-18
2.61453e-05 1.31456e-19 3.75658e-18 1.21162e-17 1.61092e-17 1.85841e-17
4.14375e-05 5.2333e-19 1.49553e-17 4.82368e-17 6.41558e-17 7.41584e-17
6.5674e-05 2.08336e-18 5.95378e-17 1.91523e-16 2.53898e-16 2.93743e-16
0.000104086 8.29364e-18 2.36272e-16 7.16452e-16 9.1953e-16 1.04827e-15
0.000164966 3.30148e-17 8.90344e-16 2.20549e-15 2.67682e-15 2.93842e-15
0.000261453 1.31414e-16 2.85666e-15 5.46525e-15 6.32877e-15 6.5918e-15
0.000414375 5.22147e-16 7.5405e-15 1.17246e-14 1.31423e-14 1.28213e-14
0.00065674 1.99615e-15 1.7112e-14 2.32689e-14 2.54537e-14 2.28496e-14
0.00104086 6.60481e-15 3.52676e-14 4.44207e-14 4.75068e-14 3.82684e-14
0.00164966 1.79222e-14 6.88173e-14 8.32072e-14 8.67432e-14 6.07163e-14
0.00261453 4.12249e-14 1.30499e-13 1.54393e-13 1.55788e-13 9.14093e-14
0.00414375 8.52988e-14 2.43967e-13 2.85005e-13 2.75205e-13 1.30857e-13
0.0065674 1.66518e-13 4.52905e-13 5.24327e-13 4.76589e-13 1.78895e-13
0.0104086 3.15629e-13 8.37759e-13 9.6177e-13 8.04542e-13 2.34823e-13
0.0164966 5.89672e-13 1.54644e-12 1.75846e-12 1.31501e-12 2.97979e-13
0.0261453 1.09378e-12 2.85038e-12 3.20191e-12 2.06868e-12 3.69047e-13
0.0414375 2.02114e-12 5.24656e-12 5.79801e-12 3.12358e-12 4.50705e-13
0.065674 3.72593e-12 9.64195e-12 1.04186e-11 4.53287e-12 5.46073e-13
0.104086 6.8556e-12 1.76845e-11 1.85207e-11 6.33853e-12 6.56532e-13
0.164966 1.25893e-11 3.23502e-11 3.24287e-11 8.54702e-12 7.80962e-13
0.261453 2.3063e-11 5.89653e-11 5.55977e-11 1.1099e-11 9.15067e-13
0.414375 4.21177e-11 1.06942e-10 9.26355e-11 1.38556e-11 1.05017e-12
0.65674 7.65862e-11 1.92599e-10 1.4873e-10 1.66178e-11 1.17281e-12
1.04086 1.38434e-10 3.43423e-10 2.28299e-10 1.91754e-11 1.26718e-12
1.64966 2.48129e-10 6.03659e-10 3.33318e-10 2.13374e-11 1.32201e-12
2.61453 4.39446e-10 1.03943e-09 4.61878e-10 2.29201e-11 1.33884e-12
4.14375 7.65053e-10 1.73734e-09 6.0642e-10 2.38004e-11 1.33215e-12
6.5674 1.29978e-09 2.78334e-09 7.51885e-10 2.4051e-11 1.3174e-12
10.4086 2.13376e-09 4.20502e-09 8.76827e-10 2.39278e-11 1.30163e-12
16.4966 3.34361e-09 5.88587e-09 9.60671e-10 2.36773e-11 1.28619e-12
26.1453 4.94113e-09 7.54182e-09 9.96917e-10 2.341e-11 1.27117e-12
41.4375 6.8477e-09 8.88923e-09 1.00036e-09 2.31471e-11 1.25662e-12
65.674 8.98279e-09 9.87503e-09 9.92446e-10 2.28904e-11 1.24259e-12
104.086 1.14059e-08 1.06132e-08 9.83139e-10 2.26401e-11 1.22915e-12
164.966 1.4263e-08 1.11765e-08 9.73984e-10 2.23965e-11 1.21639e-12
261.453 1.76258e-08 1.15799e-08 9.6506e-10 2.216e-11 1.20444e-12
414.375 2.14636e-08 1.18312e-08 9.56373e-10 2.19311e-11 1.19343e-12
656.74 2.56442e-08 1.19485e-08 9.47925e-10 2.17106e-11 1.18354e-12
1040.86 2.99205e-08 1.19624e-08 9.39718e-10 2.15001e-11 1.175e-12
1649.66 3.39613e-08 1.19123e-08 9.31747e-10 2.13014e-11 1.16807e-12
2614.53 3.74485e-08 1.18341e-08 9.24008e-10 2.11177e-11 1.16305e-12
4143.75 4.01909e-08 1.17496e-08 9.16493e-10 2.09534e-11 1.16032e-12
6567.4 4.21514e-08 1.16655e-08 9.09194e-10 2.08143e-11 1.1603e-12
10408.6 4.33874e-08 1.15827e-08 9.02106e-10 2.07089e-11 1.16345e-12
16496.6 4.40068e-08 1.15008e-08 8.95233e-10 2.06479e-11 1.17024e-12
26145.3 4.41578e-08 1.14193e-08 8.88597e-10 2.0645e-11 1.18113e-12
41437.5 4.40114e-08 1.13377e-08 8.82251e-10 2.07172e-11 1.19651e-12
65674 4.37189e-08 1.12555e-08 8.76307e-10 2.08839e-11 1.21666e-12
104086 4.33708e-08 1.1172e-08 8.70966e-10 2.11656e-11 1.24173e-12
164966 4.29971e-08 1.10867e-08 8.66564e-10 2.15823e-11 1.27179e-12
261453 4.26012e-08 1.09993e-08 8.63625e-10 2.21503e-11 1.30681e-12
414375 4.21815e-08 1.09098e-08 8.62918e-10 2.2879e-11 1.34672e-12
656740 4.17366e-08 1.08189e-08 8.65497e-10 2.37691e-11 1.39133e-12
1.04086e+06 4.1265e-08 1.07282e-08 8.7272e-10 2.4811e-11 1.4403e-12
1.64966e+06 4.07658e-08 1.06411e-08 8.86217e-10 2.59855e-11 1.49304e-12
2.61453e+06 4.02384e-08 1.05635e-08 9.07808e-10 2.72645e-11 1.54863e-12
4.14375e+06 3.96825e-08 1.05047e-08 9.39326e-10 2.86134e-11 1.60582e-12
6.5674e+06 3.90985e-08 1.04781e-08 9.82343e-10 2.9994e-11 1.66304e-12
1.04086e+07 3.84872e-08 1.05011e-08 1.03779e-09 3.13671e-11 1.71844e-12
1.64966e+07 3.785e-08 1.05929e-08 1.10553e-09 3.26945e-11 1.77006e-12
2.61453e+07 3.71883e-08 1.07706e-08 1.18388e-09 3.39413e-11 1.81589e-12
4.14375e+07 3.6504e-08 1.10422e-08 1.26947e-09 3.50768e-11 1.854e-12
6.5674e+07 3.57991e-08 1.14007e-08 1.35767e-09 3.6074e-11 1.88232e-12
1.04086e+08 3.50757e-08 1.18246e-08 1.4438e-09 3.69032e-11 1.89852e-12
1.64966e+08 3.43356e-08 1.22862e-08 1.52455e-09 3.75247e-11 1.89997e-12
2.61453e+08 3.35797e-08 1.27591e-08 1.59773e-09 3.7884e-11 1.88334e-12
4.14375e+08 3.28069e-08 1.32186e-08 1.66141e-09 3.79053e-11 1.84524e-12
6.5674e+08 3.20131e-08 1.36408e-08 1.71296e-09 3.74964e-11 1.78283e-12
1.04086e+09 3.119e-08 1.40001e-08 1.74824e-09 3.65619e-11 1.69531e-12
1.64966e+09 3.0324e-08 1.42643e-08 1.76119e-09 3.50245e-11 1.58309e-12
2.61453e+09 2.93952e-08 1.43861e-08 1.74405e-09 3.28567e-11 1.44806e-12
4.14375e+09 2.83733e-08 1.43031e-08 1.69007e-09 3.01019e-11 1.29534e-12
6.5674e+09 2.72228e-08 1.39632e-08 1.59327e-09 2.69194e-11 1.13341e-12
1.04086e+10 2.58712e-08 1.32894e-08 1.44922e-09 2.34849e-11 9.71825e-13
1.64966e+10 2.41239e-08 1.21663e-08 1.2562e-09 1.98922e-11 8.08209e-13
2.61453e+10 2.11466e-08 1.02132e-08 9.99625e-10 1.56572e-11 6.21412e-13
4.14375e+10 1.60497e-08 7.29638e-09 6.77256e-10 1.04859e-11 4.03064e-13
6.5674e+10 9.74306e-09 4.11239e-09 3.57706e-10 5.46133e-12 2.00968e-13
1.04086e+11 3.96975e-09 1.53559e-09 1.22393e-10 1.83655e-12 6.39986e-14
1.64966e+11 7.74502e-10 2.70684e-10 1.92127e-11 2.82999e-13 9.32822e-15
2.61453e+11 5.38598e-11 1.66942e-11 1.03431e-12 1.50528e-14 4.77193e-16
4.14375e+11 1.39503e-12 3.74582e-13 2.04789e-14 2.99131e-16 9.34313e-18
6.5674e+11 2.71965e-14 6.22882e-15 3.14406e-16 4.6818e-18 1.45758e-19
1.04086e+12 9.73528e-16 1.91497e-16 9.40393e-18 1.43945e-19 4.47062e-21
1.64966e+12 4.03838e-17 7.04848e-18 3.48888e-19 5.50575e-21 1.70425e-22
2.61453e+12 3.6157e-19 5.8424e-20 2.96067e-21 4.8167e-23 1.48547e-24
4.14375e+12 1.02739e-22 1.5811e-23 8.21375e-25 1.37632e-26 4.23351e-28
6.5674e+12 1.92148e-27 2.82594e-28 1.49144e-29 2.57394e-31 7.93146e-33
1.04086e+13 9.52209e-28 1.31355e-28 6.9209e-30 1.23318e-31 3.84321e-33
1.64966e+13 4.83081e-28 6.07397e-29 3.12083e-30 5.77737e-32 1.84334e-33
2.61453e+13 2.50077e-28 2.80149e-29 1.37119e-30 2.65403e-32 8.74265e-34
4.14375e+13 1.30395e-28 1.29291e-29 5.94571e-31 1.19632e-32 4.06649e-34
6.5674e+13 6.75392e-29 5.98911e-30 2.58681e-31 5.26111e-33 1.82542e-34
1.04086e+14 3.43657e-29 2.78768e-30 1.13888e-31 2.22666e-33 7.7193e-35
1.64966e+14 1.70302e-29 1.29948e-30 5.04348e-32 8.88247e-34 2.97235e-35
2.61453e+14 8.16374e-30 5.99996e-31 2.19852e-32 3.24875e-34 9.9342e-36
4.14375e+14 3.76108e-30 2.68399e-31 9.09304e-33 1.04845e-34 2.68926e-36
6.5674e+14 1.64651e-30 1.12237e-31 3.38279e-33 2.81474e-35 5.32403e-37
