4.14375e-07 1.70723e-32 3.05054e-32 1.14403e-31 1.20922e-30 8.2553e-30
6.5674e-07 7.44312e-32 1.32998e-31 4.98776e-31 5.27161e-30 3.59738e-29
1.04086e-06 2.45258e-31 4.38244e-31 1.64354e-30 1.73691e-29 1.18473e-28
1.64966e-06 7.23779e-31 1.29332e-30 4.85029e-30 5.12527e-29 3.49407e-28
2.61453e-06 2.01708e-30 3.60437e-30 1.35173e-29 1.42818e-28 9.7307e-28
4.14375e-06 5.43436e-30 9.71103e-30 3.64186e-29 3.8472e-28 2.6195e-27
6.5674e-06 1.43296e-29 2.56074e-29 9.60324e-29 1.01427e-27 6.90064e-27
1.04086e-05 3.72476e-29 6.65662e-29 2.49631e-28 2.63585e-27 1.79167e-26
1.64966e-05 9.5872e-29 1.71349e-28 6.4256e-28 6.78253e-27 4.60504e-26
2.61453e-05 2.45067e-28 4.38054e-28 1.64263e-27 1.7331e-26 1.175e-25
4.14375e-05 6.23348e-28 1.11442e-27 4.17865e-27 4.40611e-26 2.98157e-25
6.5674e-05 1.57982e-27 2.82515e-27 1.05923e-26 1.11594e-25 7.53236e-25
0.000104086 3.99314e-27 7.14361e-27 2.67799e-26 2.81798e-25 1.89556e-24
0.000164966 1.00719e-26 1.80287e-26 6.75732e-26 7.0984e-25 4.75237e-24
0.000261453 2.53603e-26 4.54336e-26 1.70243e-25 1.784e-24 1.18665e-23
0.000414375 6.37562e-26 1.14364e-25 4.2836e-25 4.4732e-24 2.94886e-23
0.00065674 1.60034e-25 2.87587e-25 1.07656e-24 1.11864e-23 7.28442e-23
0.00104086 4.01002e-25 7.22516e-25 2.70242e-24 2.78831e-23 1.78574e-22
0.00164966 1.00266e-24 1.81343e-24 6.77454e-24 6.92091e-23 4.33496e-22
0.00261453 2.5001e-24 4.54628e-24 1.69542e-23 1.70832e-22 1.03942e-21
0.00414375 6.21103e-24 1.13809e-23 4.23373e-23 4.18583e-22 2.45533e-21
0.0065674 1.53538e-23 2.84354e-23 1.05409e-22 1.01585e-21 5.70265e-21
0.0104086 3.77037e-23 7.08583e-23 2.61386e-22 2.43553e-21 1.30124e-20
0.0164966 9.17799e-23 1.75932e-22 6.44614e-22 5.75381e-21 2.91074e-20
0.0261453 2.20916e-22 4.34652e-22 1.57804e-21 1.33686e-20 6.25477e-20
0.0414375 5.24433e-22 1.06665e-21 3.82583e-21 3.05271e-20 1.27728e-19
0.065674 1.22516e-21 2.59436e-21 9.16167e-21 6.83404e-20 2.50719e-19
0.104086 2.81333e-21 6.23811e-21 2.16134e-20 1.46806e-19 4.79272e-19
0.164966 6.33726e-21 1.47879e-20 5.01336e-20 3.00548e-19 9.00444e-19
0.261453 1.38417e-20 3.4481e-20 1.14253e-19 5.93498e-19 1.67108e-18
0.414375 2.88515e-20 7.89658e-20 2.55029e-19 1.14311e-18 3.07174e-18
0.65674 5.75036e-20 1.77199e-19 5.45774e-19 2.16585e-18 5.60014e-18
1.04086 1.11608e-19 3.86311e-19 1.11278e-18 4.05977e-18 1.01302e-17
1.64966 2.13044e-19 8.00319e-19 2.18441e-18 7.55349e-18 1.81777e-17
2.61453 4.02297e-19 1.57682e-18 4.17228e-18 1.3977e-17 3.23331e-17
4.14375 7.54202e-19 3.01698e-18 7.84344e-18 2.57501e-17 5.69451e-17
6.5674 1.40701e-18 5.67963e-18 1.46217e-17 4.72606e-17 9.91608e-17
10.4086 2.61594e-18 1.05994e-17 2.71352e-17 8.64366e-17 1.70436e-16
16.4966 4.85199e-18 1.96889e-17 5.02321e-17 1.57524e-16 2.88613e-16
26.1453 8.98429e-18 3.64814e-17 9.28494e-17 2.85932e-16 4.80589e-16
41.4375 1.6618e-17 6.75037e-17 1.71452e-16 5.16599e-16 7.85508e-16
65.674 3.07173e-17 1.24809e-16 3.16346e-16 9.28167e-16 1.25835e-15
104.086 5.67543e-17 2.30654e-16 5.8325e-16 1.65653e-15 1.97392e-15
164.966 1.04826e-16 4.26122e-16 1.07447e-15 2.93293e-15 3.03128e-15
261.453 1.93556e-16 7.87025e-16 1.9775e-15 5.14381e-15 4.55865e-15
414.375 3.57273e-16 1.4532e-15 3.63524e-15 8.92111e-15 6.7182e-15
656.74 6.59216e-16 2.68246e-15 6.67301e-15 1.52726e-14 9.71038e-15
1040.86 1.21577e-15 4.94972e-15 1.22272e-14 2.576e-14 1.37779e-14
1649.66 2.24087e-15 9.12917e-15 2.23542e-14 4.27287e-14 1.92107e-14
2614.53 4.12724e-15 1.6828e-14 4.0755e-14 6.95896e-14 2.63528e-14
4143.75 7.59444e-15 3.09971e-14 7.40466e-14 1.11155e-13 3.56088e-14
6567.4 1.39579e-14 5.70442e-14 1.33962e-13 1.7404e-13 4.74458e-14
10408.6 2.56154e-14 1.04858e-13 2.41096e-13 2.67135e-13 6.23807e-14
16496.6 4.69217e-14 1.92467e-13 4.31151e-13 4.0209e-13 8.09531e-14
26145.3 8.57511e-14 3.52627e-13 7.65089e-13 5.93694e-13 1.03686e-13
41437.5 1.56261e-13 6.44583e-13 1.34508e-12 8.59937e-13 1.31042e-13
65674 2.83729e-13 1.17488e-12 2.33853e-12 1.22154e-12 1.63394e-13
104086 5.129e-13 2.13378e-12 4.01237e-12 1.70075e-12 2.0101e-13
164966 9.22137e-13 3.85807e-12 6.77838e-12 2.31928e-12 2.44068e-13
261453 1.64689e-12 6.93729e-12 1.12473e-11 3.09548e-12 2.92686e-13
414375 2.9175e-12 1.23892e-11 1.82844e-11 4.04138e-12 3.46939e-13
656740 5.11804e-12 2.19404e-11 2.9053e-11 5.16039e-12 4.06833e-13
1.04086e+06 8.87347e-12 3.84565e-11 4.50308e-11 6.44625e-12 4.7223e-13
1.64966e+06 1.5171e-11 6.65627e-11 6.79828e-11 7.88341e-12 5.42773e-13
2.61453e+06 2.55149e-11 1.13462e-10 9.98759e-11 9.44827e-12 6.17827e-13
4.14375e+06 4.20999e-11 1.89861e-10 1.42708e-10 1.11111e-11 6.96459e-13
6.5674e+06 6.79707e-11 3.10711e-10 1.9824e-10 1.28394e-11 7.77446e-13
1.04086e+07 1.07123e-10 4.9515e-10 2.67623e-10 1.46002e-11 8.59334e-13
1.64966e+07 1.64536e-10 7.64706e-10 3.5095e-10 1.63625e-11 9.40559e-13
2.61453e+07 2.46203e-10 1.13889e-09 4.46824e-10 1.80989e-11 1.01957e-12
4.14375e+07 3.59299e-10 1.62856e-09 5.52156e-10 1.9787e-11 1.09483e-12
6.5674e+07 5.12472e-10 2.23006e-09 6.62599e-10 2.1408e-11 1.16468e-12
1.04086e+08 7.15956e-10 2.92515e-09 7.7381e-10 2.294e-11 1.22707e-12
1.64966e+08 9.81213e-10 3.68967e-09 8.82791e-10 2.43501e-11 1.27947e-12
2.61453e+08 1.32034e-09 4.50073e-09 9.87637e-10 2.55882e-11 1.31845e-12
4.14375e+08 1.74448e-09 5.33722e-09 1.08668e-09 2.65795e-11 1.34014e-12
6.5674e+08 2.26217e-09 6.17848e-09 1.17742e-09 2.72277e-11 1.34083e-12
1.04086e+09 2.87762e-09 7.00123e-09 1.25573e-09 2.74263e-11 1.31839e-12
1.64966e+09 3.58878e-09 7.77456e-09 1.31535e-09 2.7079e-11 1.27141e-12
2.61453e+09 4.38462e-09 8.45033e-09 1.348e-09 2.61305e-11 1.19958e-12
4.14375e+09 5.23919e-09 8.96254e-09 1.34609e-09 2.45878e-11 1.10566e-12
6.5674e+09 6.11688e-09 9.25219e-09 1.30249e-09 2.25682e-11 9.9586e-13
1.04086e+10 6.94977e-09 9.23467e-09 1.21139e-09 2.02059e-11 8.78031e-13
1.64966e+10 7.60899e-09 8.79646e-09 1.07022e-09 1.75651e-11 7.49059e-13
2.61453e+10 7.68502e-09 7.6226e-09 8.66653e-10 1.41734e-11 5.88598e-13
4.14375e+10 6.59959e-09 5.6001e-09 5.97362e-10 9.70665e-12 3.8844e-13
6.5674e+10 4.46237e-09 3.23949e-09 3.20568e-10 5.15204e-12 1.96182e-13
1.04086e+11 1.99324e-09 1.23909e-09 1.11205e-10 1.7591e-12 6.30433e-14
1.64966e+11 4.1988e-10 2.23211e-10 1.76572e-11 2.74321e-13 9.2462e-15
2.61453e+11 3.11335e-11 1.40306e-11 9.60388e-13 1.47321e-14 4.74975e-16
4.14375e+11 8.53139e-13 3.20175e-13 1.92364e-14 2.95107e-16 9.32383e-18
6.5674e+11 1.7509e-14 5.4158e-15 2.99638e-16 4.64775e-18 1.45651e-19
1.04086e+12 6.58177e-16 1.69981e-16 9.10523e-18 1.4348e-19 4.46974e-21
1.64966e+12 2.87217e-17 6.42151e-18 3.42542e-19 5.49951e-21 1.70418e-22
2.61453e+12 2.72773e-19 5.47927e-20 2.93532e-21 4.81523e-23 1.48546e-24
4.14375e+12 8.31847e-23 1.52265e-23 8.1874e-25 1.37624e-26 4.2335e-28
6.5674e+12 1.67672e-27 2.77483e-28 1.49006e-29 2.57392e-31 7.93146e-33
1.04086e+13 8.85624e-28 1.30433e-28 6.91955e-30 1.23318e-31 3.84321e-33
1.64966e+13 4.68495e-28 6.06136e-29 3.12074e-30 5.77737e-32 1.84334e-33
2.61453e+13 2.47588e-28 2.80024e-29 1.37119e-30 2.65403e-32 8.74265e-34
4.14375e+13 1.30076e-28 1.29283e-29 5.94571e-31 1.19632e-32 4.06649e-34
6.5674e+13 6.751e-29 5.98907e-30 2.58681e-31 5.26111e-33 1.82542e-34
1.04086e+14 3.43639e-29 2.78768e-30 1.13888e-31 2.22666e-33 7.7193e-35
1.64966e+14 1.70302e-29 1.29948e-30 5.04348e-32 8.88247e-34 2.97235e-35
2.61453e+14 8.16374e-30 5.99996e-31 2.19852e-32 3.24875e-34 9.9342e-36
4.14375e+14 3.76108e-30 2.68399e-31 9.09304e-33 1.04845e-34 2.68926e-36
6.5674e+14 1.64651e-30 1.12237e-31 3.38279e-33 2.81474e-35 5.32403e-37
