panel a GRBs(0.1-0.3GeV)
theta:0.40,0.80,1.20,1.60,2.00,2.40,2.80,3.20,3.60,4.00,4.40,4.80
psf:819956.06,674126.37,436824.21,356246.21,194429.82,106030.15,97933.34,52923.76,42352.31,11204.36,8647.00,-15405.60
error:73178.56,38309.12,23887.32,18232.06,11879.11,7935.24,7015.46,4801.39,4034.87,1963.20,1640.61,2092.65

panel b GRBs(0.3-1GeV)
theta:0.40,0.80,1.20,1.60,2.00,2.40,2.80,3.20,3.60,4.00,4.40,4.80
psf:1958535.33,842669.69,331272.79,131539.11,63139.90,38723.72,22491.88,10324.38,8481.31,8312.83,4190.91,-9141.91
error:113097.83,42831.19,20802.09,11078.68,6769.47,4795.50,3362.05,2120.67,1805.60,1691.01,1142.16,1612.04

panel c GRBs(1-100GeV)
theta:0.40,0.80,1.20,1.60,2.00,2.40,2.80,3.20,3.60,4.00,4.40,4.80
psf:2930663.33,389135.02,84202.94,33380.99,4224.82,1834.90,799.68,7183.79,1367.58,11156.77,2949.21,3439.84
error:138347.58,29105.94,10487.64,5580.98,1751.08,1043.88,633.94,1768.96,725.05,1959.02,958.13,988.84

panel d crab(0.1-0.3GeV)
theta:0.40,0.80,1.20,1.60,2.00,2.40,2.80,3.20,3.60,4.00,4.40,4.80
psf:9859938.14,7819869.23,5677214.57,3822569.68,2714826.67,1805716.38,1374645.84,1159531.83,941074.36,836612.32,620477.99,532826.44
error:253761.47,130476.18,86115.60,59722.56,44388.83,32746.88,26283.69,22474.14,19019.68,16964.17,13897.48,12306.95

panel e crab(0.3-1GeV)
theta:0.40,0.80,1.20,1.60,2.00,2.40,2.80,3.20,3.60,4.00,4.40,4.80
psf:21622291.24,9460798.05,3827506.59,1970079.97,1119635.79,678725.52,521951.10,434084.65,370230.17,353854.82,275485.52,252822.73
error:375785.00,143514.36,70708.58,42874.85,28506.31,20076.70,16195.93,13750.83,11929.63,11032.73,9260.24,8477.46

panel c crab(1-100GeV)
theta:0.40,0.80,1.20,1.60,2.00,2.40,2.80,3.20,3.60,4.00,4.40,4.80
psf:23903539.30,3031694.25,819371.98,332985.88,201578.92,130244.72,117798.21,99269.09,104997.60,83923.22,76848.64,87664.66
error:395111.52,81240.80,32715.59,17626.81,12095.54,8794.78,7694.14,6575.80,6353.03,5372.94,4890.93,4991.95
