panel a 
49 LAT undeteced GRBs
alpha2:1.53, 1.24, 2.63, 1.296, 1.51, 1.91, 1.59, 1.111, 1.75, 0.945, 1.5, 2.3, 4.0, 1.75, 1.22, 1.37, 1.86, 1.04, 1.16, 1.12, 0.87, 1.59, 1.11, 1.23, 1.17, 1.29, 1.17, 2.37, 1.647, 0.94, 1.48, 1.88, 1.39, 1.89, 1.9, 2.29, 1.08, 1.106, 1.839, 1.68, 1.67, 1.58, 1.58, 1.2, 1.37, 1.15, 1.94, 0.9, 3.6
alpha2_errl:0.07, 0.08, 0.23, 0.072, 0.08, 0.09, 0.13, 0.015, 0.07, 0.231, 0.06, 0.4, 1.0, 0.14, 0.08, 0.05, 0.24, 0.09, 0.05, 0.04, 0.1, 0.17, 0.06, 0.08, 0.14, 0.09, 0.1, 0.26, 0.025, 0.04, 0.19, 0.18, 0.17, 0.07, 0.3, 0.27, 0.05, 0.025, 0.093, 0.06, 0.07, 0.14, 0.09, 0.3, 0.04, 0.18, 0.06, 0.07, 0.9
alpha2_erru:0.08, 0.09, 0.27, 0.257, 0.1, 0.1, 0.23, 0.017, 0.08, 0.07, 0.06, 0.4, 2.0, 0.1, 0.08, 0.06, 0.27, 0.06, 0.05, 0.04, 0.1, 0.23, 0.06, 0.08, 0.17, 0.1, 0.11, 0.31, 0.026, 0.04, 0.14, 0.22, 0.16, 0.08, 0.4, 0.34, 0.07, 0.025, 0.107, 0.06, 0.08, 0.16, 0.1, 0.4, 0.04, 0.19, 0.05, 0.06, 4.4
alpha1:0.78, 0.7, 0.45, 1.03, 0.64, 1.126, 0.73, 0.7, 0.82, 0.2, 0.99, 0.9, 0.7, 0.63, 0.77, 0.79, 0.86, -0.25, 0.39, 0.605, 0.51, 0.62, 0.0, 0.33, 0.437, 0.53, 0.18, 0.44, 0.06, 0.51, 0.698, 1.114, 0.41, -0.54, 0.62, 0.73, 0.64, 0.57, 0.29, 0.947, 0.73, 0.85, 1.03, 0.54, 0.55, 0.62, -0.26, -0.24, 1.095
alpha1_errl:0.05, 0.12, 0.08, 0.43, 0.03, 0.025, 0.34, 0.04, 0.127, 0.09, 0.15, 0.25, 0.04, 0.06, 0.09, 0.13, 0.1, 0.17, 0.06, 0.169, 0.2, 0.12, 0.8, 1.18, 0.12, 0.06, 0.1, 0.94, 0.08, 0.13, 0.114, 0.008, 0.08, 0.27, 0.08, 0.82, 0.18, 0.09, 1.59, 0.022, 0.03, 0.06, 0.03, 0.13, 0.05, 0.13, 0.18, 0.38, 0.024
alpha1_erru:0.05, 0.1, 0.08, 0.04, 0.03, 0.026, 0.1, 0.04, 0.08, 0.07, 0.16, 0.14, 0.04, 0.06, 0.08, 0.13, 0.09, 0.08, 0.05, 0.048, 0.1, 0.12, 0.6, 0.37, 0.096, 0.06, 0.09, 0.24, 0.05, 0.1, 0.063, 0.008, 0.06, 0.2, 0.08, 0.1, 0.21, 0.09, 0.11, 0.022, 0.03, 0.07, 0.04, 0.11, 0.09, 0.12, 0.12, 0.3, 0.028
37 LAT deteced GRBs
alpha2:1.52, 1.14, 1.9, 1.1, 1.128, 1.78, 1.458, 1.54, 1.62, 1.62, 1.59, 2.3, 1.5, 1.51, 1.193, 1.6, 2.0, 1.634, 1.8, 1.84, 1.43, 1.248, 1.27, 1.47, 1.402, 0.85, 1.52, 1.23, 1.61, 1.22, 2.0, 1.179, 1.71, 2.5, 1.58, 1.12, 2.13
alpha2_errl:0.05, 0.03, 0.4, 0.07, 0.007, 0.07, 0.029, 0.05, 0.07, 0.15, 0.13, 0.3, 0.03, 0.07, 0.012, 0.13, 0.3, 0.028, 0.24, 0.11, 0.11, 0.018, 0.06, 0.05, 0.018, 0.05, 0.04, 0.09, 0.07, 0.05, 0.5, 0.011, 0.07, 0.5, 0.06, 0.06, 0.11
alpha2_erru:0.05, 0.03, 0.5, 0.08, 0.007, 0.08, 0.033, 0.06, 0.08, 0.16, 0.13, 0.5, 0.04, 0.07, 0.013, 0.14, 0.3, 0.034, 0.35, 0.14, 0.34, 0.02, 0.06, 0.06, 0.019, 0.04, 0.04, 0.1, 0.07, 0.05, 0.7, 0.012, 0.08, 5.5, 0.07, 0.06, 0.1
alpha1:0.94, 0.86, 0.47, 0.72, -0.8, 1.096, 1.03, 0.432, 1.02, 0.62, 1.0, 1.08, 1.262, 0.607, 0.52, 0.41, 1.33, 0.51, 0.99, 0.93, 0.9, 0.684, 0.64, 0.96, -0.2, 0.406, 0.914, 0.56, 1.179, 0.439, 1.073, 0.62, 0.776, 1.1, 1.143, -0.2, 0.66
alpha1_errl:0.04, 0.06, 0.13, 0.06, 0.5, 0.01, 0.01, 0.027, 0.1, 0.05, 0.32, 0.04, 0.019, 0.053, 0.032, 0.07, 0.09, 0.14, 0.03, 0.66, 0.06, 0.015, 0.09, 0.08, 1.3, 0.021, 0.017, 0.11, 0.021, 0.059, 0.121, 0.18, 0.028, 0.04, 0.043, 0.6, 0.06
alpha1_erru:0.03, 0.04, 0.33, 0.06, 0.5, 0.01, 0.011, 0.027, 0.09, 0.05, 0.21, 0.04, 0.013, 0.029, 0.029, 0.07, 0.07, 0.14, 0.03, 0.1, 0.06, 0.018, 0.08, 0.07, 1.1, 0.017, 0.017, 0.041, 0.023, 0.021, 0.029, 0.16, 0.027, 0.04, 0.028, 0.4, 0.05


panel b
49 LAT undeteced GRBs
tb:5741.0, 33000.0, 17600.0, 9016.0, 7464.0, 8933.0, 570000.0, 1110.0, 16600.0, 366.0, 3236.0, 2339.0, 780000.0, 8128.0, 1268.0, 641.0, 8974.0, 1450.0, 6699.0, 4246.0, 4335.0, 4027.0, 1233.0, 4266.0, 7145.0, 14200.0, 7889.0, 418.0, 3980.0, 508.0, 2992.0, 91000.0, 7499.0, 2838.0, 2805.0, 17400.0, 2300.0, 4753.0, 5321.0, 2735.0, 8531.0, 2104.0, 7798.0, 120000.0, 8974.0, 4571.0, 13500.0, 1563.0, 86000.0
tb_errl:901.0, 12000.0, 1500.0, 7283.0, 1246.0, 1372.0, 130000.0, 120.0, 2.5e+43, 40.0, 1031.0, 1034.0, 122000.0, 1294.0, 419.0, 189.0, 2051.0, 290.0, 1139.0, 2191.0, 2266.0, 1030.0, 472.0, 2098.0, 1813.0, 2400.0, 1325.0, 175.0, 260.0, 157.0, 1609.0, 15000.0, 1662.0, 305.0, 869.0, 1500.0, 1000.0, 623.0, 3625.0, 402.0, 1028.0, 701.0, 2128.0, 90000.0, 1262.0, 3286.0, 1000.0, 426.0, 12000.0
tb_erru:1250.0, 16000.0, 1400.0, 29900.0, 1360.0, 1490.0, 220000.0, 120.0, 2000.0, 47.0, 4930.0, 849.0, 96000.0, 1200.0, 595.0, 329.0, 1910.0, 130.0, 1220.0, 4350.0, 3580.0, 1530.0, 7340.0, 5390.0, 2660.0, 3100.0, 2030.0, 56.0, 230.0, 259.0, 1030.0, 13000.0, 1370.0, 357.0, 835.0, 1300.0, 2800.0, 890.0, 451.0, 413.0, 1070.0, 835.0, 2460.0, 80000.0, 5520.0, 5420.0, 600.0, 1030.0, 58000.0
alpha1:0.78, 0.7, 0.45, 1.03, 0.64, 1.126, 0.73, 0.7, 0.82, 0.2, 0.99, 0.9, 0.7, 0.63, 0.77, 0.79, 0.86, -0.25, 0.39, 0.605, 0.51, 0.62, 0.0, 0.33, 0.437, 0.53, 0.18, 0.44, 0.06, 0.51, 0.698, 1.114, 0.41, -0.54, 0.62, 0.73, 0.64, 0.57, 0.29, 0.947, 0.73, 0.85, 1.03, 0.54, 0.55, 0.62, -0.26, -0.24, 1.095
alpha1_errl:0.05, 0.12, 0.08, 0.43, 0.03, 0.025, 0.34, 0.04, 0.127, 0.09, 0.15, 0.25, 0.04, 0.06, 0.09, 0.13, 0.1, 0.17, 0.06, 0.169, 0.2, 0.12, 0.8, 1.18, 0.12, 0.06, 0.1, 0.94, 0.08, 0.13, 0.114, 0.008, 0.08, 0.27, 0.08, 0.82, 0.18, 0.09, 1.59, 0.022, 0.03, 0.06, 0.03, 0.13, 0.05, 0.13, 0.18, 0.38, 0.024
alpha1_erru:0.05, 0.1, 0.08, 0.04, 0.03, 0.026, 0.1, 0.04, 0.08, 0.07, 0.16, 0.14, 0.04, 0.06, 0.08, 0.13, 0.09, 0.08, 0.05, 0.048, 0.1, 0.12, 0.6, 0.37, 0.096, 0.06, 0.09, 0.24, 0.05, 0.1, 0.063, 0.008, 0.06, 0.2, 0.08, 0.1, 0.21, 0.09, 0.11, 0.022, 0.03, 0.07, 0.04, 0.11, 0.09, 0.12, 0.12, 0.3, 0.028
37 LAT deteced GRBs
tb:9817.0, 444.0, 60000.0, 4539.0, 132.0, 8531.0, 19000.0, 1486.0, 3459.0, 7063.0, 80000.0, 21000.0, 16000.0, 462.4, 2090.0, 3.13, 350000.0, 676.0, 32000.0, 5470.0, 8892.0, 1140.0, 4.1, 497.0, 59.0, 711.0, 1663.0, 5689.0, 4064.0, 1000.0, 6300.0, 114.3, 6081.0, 18000.0, 12900.0, 800.0, 1517.0
tb_errl:1776.0, 49.0, 23000.0, 2148.0, 12.0, 1568.0, 1900.0, 171.0, 1010.0, 1603.0, 30000.0, 6000.0, 3000.0, 36.8, 60.0, 4200.0, 170000.0, 40.0, 8000.0, 3138.0, 2812.0, 60.0, 5000.0, 55.0, 9.0, 78.0, 232.0, 1892.0, 1100.0, 145.9, 1600.0, 9.4, 614.0, 4000.0, 2900.0, 155.0, 229.0
tb_erru:1250.0, 46.0, 24000.0, 4330.0, 24.0, 1580.0, 2600.0, 176.0, 3750.0, 1600.0, 80000.0, 7000.0, 4000.0, 14.8, 90.0, 10500.0, 110000.0, 56.0, 8000.0, 6890.0, 10900.0, 90.0, 5000.0, 54.0, 47.0, 50.0, 245.0, 762.0, 1150.0, 29.9, 2100.0, 13.7, 465.0, 19000.0, 2800.0, 327.0, 197.0
alpha1:0.94, 0.86, 0.47, 0.72, -0.8, 1.096, 1.03, 0.432, 1.02, 0.62, 1.0, 1.08, 1.262, 0.607, 0.52, 0.41, 1.33, 0.51, 0.99, 0.93, 0.9, 0.684, 0.64, 0.96, -0.2, 0.406, 0.914, 0.56, 1.179, 0.439, 1.073, 0.62, 0.776, 1.1, 1.143, -0.2, 0.66
alpha1_errl:0.04, 0.06, 0.13, 0.06, 0.5, 0.01, 0.01, 0.027, 0.1, 0.05, 0.32, 0.04, 0.019, 0.053, 0.032, 0.07, 0.09, 0.14, 0.03, 0.66, 0.06, 0.015, 0.09, 0.08, 1.3, 0.021, 0.017, 0.11, 0.021, 0.059, 0.121, 0.18, 0.028, 0.04, 0.043, 0.6, 0.06
alpha1_erru:0.03, 0.04, 0.33, 0.06, 0.5, 0.01, 0.011, 0.027, 0.09, 0.05, 0.21, 0.04, 0.013, 0.029, 0.029, 0.07, 0.07, 0.14, 0.03, 0.1, 0.06, 0.018, 0.08, 0.07, 1.1, 0.017, 0.017, 0.041, 0.023, 0.021, 0.029, 0.16, 0.027, 0.04, 0.028, 0.4, 0.05


