panel a
times(s): 0.2, 0.6, 1.8, 5.6, 17.8, 56.2, 177.8, 562.3, 1778.3, 5623.4, 17782.8, 56234.1
flux1 0.1-1GeV (erg/cm2/s): 1.3e-05, 4.1e-05, 6.2e-05, 3.2e-05, 1.8e-05, 5.4e-06, 1.6e-06, 3.4e-07, 4.1e-08, 5.5e-09, 1.2e-09, 0.0
flux1_error: 5.2e-06, 5.9e-06, 5.4e-06, 2.4e-06, 1.2e-06, 3.6e-07, 1.1e-07, 2.6e-08, 5.6e-09, 8.2e-10, 3.2e-10, 0.0
flux2 1-100GeV (erg/cm2/s): 0.0, 2.8e-05, 3.7e-05, 1.7e-05, 1.5e-05, 7.3e-06, 2.2e-06, 9.2e-07, 1.5e-07, 1.1e-08, 2.7e-09, 6.3e-10
flux2_error: 0.0, 9.5e-06, 6.9e-06, 3.4e-06, 1.9e-06, 9.0e-07, 2.5e-07, 1.1e-07, 1.9e-08, 2.7e-09, 1.3e-09, 2.5e-10

panel b 
times(s): 0.2, 0.6, 1.8, 5.6, 17.8, 56.2, 177.8, 562.3, 1778.3, 5623.4, 17782.8, 56234.1
flux1 0.1-1GeV (erg/cm2/s): 0.0, 4.6e-06, 1.3e-05, 6.0e-06, 6.3e-06, 4.2e-06, 1.3e-06, 3.3e-07, 4.0e-08, 5.5e-09, 1.2e-09, 0.0
flux1_error: 0.0, 2.0e-06, 1.5e-06, 8.7e-07, 5.7e-07, 3.0e-07, 9.2e-08, 2.5e-08, 5.5e-09, 8.1e-10, 3.2e-10, 0.0
flux2 1-100GeV (erg/cm2/s): 0.0, 0.0, 3.2e-05, 8.9e-06, 8.6e-06, 7.8e-06, 2.1e-06, 8.4e-07, 1.4e-07, 1.1e-08, 2.7e-09, 6.3e-10
flux2_error: 0.0, 0.0, 7.3e-06, 2.2e-06, 1.6e-06, 1.0e-06, 2.6e-07, 1.0e-07, 1.8e-08, 2.6e-09, 1.2e-09, 2.5e-10

panel c
times(s): 3.2, 177.8, 562.3, 1778.3, 5623.4, 17782.8
flux 1-10GeV (erg/cm2/s): 2.0e-06, 3.3e-08, 2.1e-08, 1.1e-08, 1.3e-08, 5.2e-10
flux_error: 1.2e-06, 1.8e-08, 9.3e-09, 3.6e-09, 3.4e-09, 2.6e-10

panel d
times(s): 177.8, 562.3, 1778.3, 5623.4, 17782.8
flux 1-10GeV (erg/cm2/s): 2.2e-08, 2.2e-08, 1.1e-08, 1.3e-08, 5.2e-10
flux_error: 1.4e-08, 8.8e-09, 3.6e-09, 3.4e-09, 2.6e-10
