0.1	7.94925e-16
0.104713	7.85427e-16
0.109648	6.62973e-15
0.114815	2.36882e-14
0.120226	5.90976e-14
0.125893	1.21507e-13
0.131826	2.21831e-13
0.138038	3.70285e-13
0.144544	5.83562e-13
0.151356	8.72015e-13
0.158489	1.25567e-12
0.165959	1.7597e-12
0.17378	2.3941e-12
0.18197	3.20183e-12
0.190546	4.18344e-12
0.199526	5.38438e-12
0.20893	6.85299e-12
0.218776	8.58728e-12
0.229087	1.06524e-11
0.239883	1.31015e-11
0.251189	1.59452e-11
0.263027	1.92875e-11
0.275423	2.31105e-11
0.288403	2.75287e-11
0.301995	3.26152e-11
0.316228	3.8394e-11
0.331131	4.50169e-11
0.346737	5.24716e-11
0.363078	6.09307e-11
0.380189	7.04963e-11
0.398107	8.12385e-11
0.416869	9.33567e-11
0.436516	1.06896e-10
0.457088	1.22089e-10
0.47863	1.39097e-10
0.501187	1.58081e-10
0.524807	1.79297e-10
0.549541	2.02917e-10
0.57544	2.29245e-10
0.60256	2.58553e-10
0.630957	2.91138e-10
0.660693	3.27349e-10
0.691831	3.67563e-10
0.724436	4.12183e-10
0.758578	4.61662e-10
0.794328	5.16497e-10
0.831764	5.7722e-10
0.870964	6.44438e-10
0.912011	7.18795e-10
0.954993	8.00989e-10
1	8.91846e-10
1.04713	9.92176e-10
1.09648	1.10293e-09
1.14815	1.22516e-09
1.20226	1.35994e-09
1.25893	1.50855e-09
1.31826	1.67231e-09
1.38038	1.85263e-09
1.44544	2.05122e-09
1.51356	2.26975e-09
1.58489	2.51002e-09
1.65959	2.77433e-09
1.7378	3.06472e-09
1.8197	3.3835e-09
1.90546	3.73372e-09
1.99526	4.11781e-09
2.0893	4.53869e-09
2.18776	5.00026e-09
2.29087	5.50544e-09
2.39883	6.05774e-09
2.51189	6.66196e-09
2.63027	7.32159e-09
2.75423	8.04056e-09
2.88403	8.82437e-09
3.01995	9.67727e-09
3.16228	1.0603e-08
3.31131	1.16073e-08
3.46737	1.26951e-08
3.63078	1.3869e-08
3.80189	1.51341e-08
3.98107	1.64954e-08
4.16869	1.79522e-08
4.36516	1.95097e-08
4.57088	2.11684e-08
4.7863	2.2923e-08
5.01187	2.47825e-08
5.24807	2.44944e-08
5.49541	2.63615e-08
5.7544	2.83017e-08
6.0256	3.03109e-08
6.30957	3.23678e-08
6.60693	3.44764e-08
6.91831	3.66096e-08
7.24436	3.87522e-08
7.58578	3.74555e-08
7.94328	3.94022e-08
8.31764	4.13146e-08
8.70964	4.31793e-08
9.12011	4.49813e-08
9.54993	4.27862e-08
10	4.42887e-08
10.4713	4.56998e-08
10.9648	4.70198e-08
11.4815	4.41973e-08
12.0226	4.52217e-08
12.5893	4.61397e-08
13.1826	4.69538e-08
13.8038	4.36937e-08
14.4544	4.42598e-08
15.1356	4.47251e-08
15.8489	4.13586e-08
16.5959	4.16373e-08
17.378	4.18307e-08
18.197	4.19618e-08
19.0546	3.85359e-08
19.9526	3.85229e-08
20.893	3.84634e-08
21.8776	3.51787e-08
22.9087	3.50236e-08
23.9883	3.48357e-08
25.1189	3.46024e-08
26.3027	3.1507e-08
27.5423	3.12347e-08
28.8403	3.09305e-08
30.1995	2.80888e-08
31.6228	2.77702e-08
33.1131	2.74317e-08
34.6737	2.70729e-08
36.3078	2.45196e-08
38.0189	2.41689e-08
39.8107	2.38049e-08
41.6869	2.15204e-08
43.6516	2.11739e-08
45.7088	2.08215e-08
47.863	2.04623e-08
50.1187	1.84595e-08
52.4807	1.8125e-08
54.9541	1.77881e-08
57.544	1.74486e-08
60.256	1.57149e-08
63.0957	1.54044e-08
66.0693	1.5095e-08
69.1831	1.47857e-08
72.4436	1.3297e-08
75.8578	1.30149e-08
79.4328	1.27363e-08
83.1764	1.24597e-08
87.0964	1.11876e-08
91.2011	1.09387e-08
95.4993	1.06921e-08
100	1.04495e-08
104.713	9.3724e-09
109.648	9.15512e-09
114.815	8.94066e-09
120.226	8.01133e-09
125.893	7.82039e-09
131.826	7.63356e-09
138.038	7.4497e-09
144.544	6.66753e-09
151.356	6.50422e-09
158.489	6.34375e-09
165.959	6.18616e-09
173.78	6.03201e-09
181.97	5.39366e-09
190.546	5.25807e-09
199.526	5.12513e-09
208.93	4.99485e-09
218.776	4.38065e-09
229.087	4.18987e-09
239.883	4.00738e-09
251.189	3.83257e-09
263.027	3.35851e-09
275.423	3.21161e-09
288.403	3.07092e-09
301.995	2.93618e-09
316.228	2.57182e-09
331.131	2.45857e-09
346.737	2.35029e-09
363.078	2.24665e-09
380.189	1.96679e-09
398.107	1.8799e-09
416.869	1.79676e-09
436.516	1.71723e-09
457.088	1.50223e-09
478.63	1.43552e-09
501.187	1.37179e-09
524.807	1.31083e-09
549.541	1.14629e-09
575.44	1.09524e-09
602.56	1.04648e-09
630.957	9.99869e-10
660.693	9.55307e-10
691.831	8.34903e-10
724.436	7.97617e-10
758.578	7.61985e-10
794.328	7.27931e-10
831.764	6.35747e-10
870.964	6.07313e-10
912.011	5.80142e-10
954.993	5.54181e-10
1000	4.8386e-10
1047.13	4.62141e-10
1096.48	4.4142e-10
1148.15	4.21626e-10
1202.26	3.67944e-10
1258.93	3.5141e-10
1318.26	3.35641e-10
1380.38	3.20579e-10
1445.44	3.06194e-10
1513.56	2.67015e-10
1584.89	2.54996e-10
1659.59	2.43533e-10
1737.8	2.32588e-10
1819.7	2.02757e-10
1905.46	1.9364e-10
1995.26	1.84936e-10
2089.3	1.76625e-10
2187.76	1.53902e-10
2290.87	1.46962e-10
2398.83	1.40337e-10
2511.89	1.34018e-10
2630.27	1.16707e-10
2754.23	1.11444e-10
2884.03	1.06428e-10
3019.95	1.01641e-10
3162.28	9.70711e-11
3311.31	8.4494e-11
3467.37	8.06831e-11
3630.78	7.70457e-11
3801.89	7.35745e-11
3981.07	6.40039e-11
4168.69	6.11191e-11
4365.16	5.83681e-11
4570.88	5.57425e-11
4786.3	4.84704e-11
5011.87	4.6283e-11
5248.07	4.41955e-11
5495.41	4.22036e-11
5754.4	3.66795e-11
6025.6	3.50232e-11
6309.57	3.34471e-11
6606.93	3.19429e-11
6918.31	2.77495e-11
7244.36	2.64972e-11
7585.78	2.53015e-11
7943.28	2.41609e-11
8317.64	2.30726e-11
8709.64	2.00282e-11
9120.11	1.91252e-11
9549.93	1.82651e-11
10000	1.74444e-11
10471.3	1.51372e-11
10964.8	1.44547e-11
11481.5	1.38034e-11
12022.6	1.3182e-11
12589.3	1.14313e-11
13182.6	1.09151e-11
13803.8	1.04237e-11
14454.4	9.9552e-12
15135.6	8.62953e-12
15848.9	8.24028e-12
16595.9	7.86894e-12
17378	7.51465e-12
18197	6.51031e-12
19054.6	6.21616e-12
19952.6	5.93632e-12
20893	5.66963e-12
21877.6	5.41527e-12
22908.7	4.68838e-12
23988.3	4.47719e-12
25118.9	4.27556e-12
26302.7	4.08321e-12
27542.3	3.53281e-12
28840.3	3.37336e-12
30199.5	3.22175e-12
31622.8	3.07711e-12
33113.1	2.66135e-12
34673.7	2.54154e-12
36307.8	2.42722e-12
38018.9	2.31817e-12
39810.7	2.00381e-12
41686.9	1.91339e-12
43651.6	1.82745e-12
45708.8	1.74543e-12
47863	1.50805e-12
50118.7	1.44004e-12
52480.7	1.37518e-12
54954.1	1.31336e-12
57544	1.13419e-12
60256	1.08298e-12
63095.7	1.03432e-12
66069.3	9.87975e-13
69183.1	8.52935e-13
72443.6	8.14548e-13
75857.8	7.77962e-13
79432.8	7.43071e-13
83176.4	6.41175e-13
87096.4	6.12217e-13
91201.1	5.84652e-13
95499.3	5.58431e-13
100000	4.81716e-13
104713	4.60062e-13
109648	4.39403e-13
114815	4.19725e-13
120226	3.61932e-13
125893	3.45648e-13
131826	3.30127e-13
138038	3.15396e-13
144544	2.7192e-13
151356	2.59733e-13
158489	2.48091e-13
165959	2.36995e-13
173780	2.0422e-13
181970	1.95042e-13
190546	1.86304e-13
199526	1.78016e-13
208930	1.53392e-13
218776	1.46554e-13
229087	1.40024e-13
239883	1.33801e-13
251189	1.15261e-13
263027	1.1012e-13
275423	1.05221e-13
288403	1.00565e-13
301995	8.66182e-14
316228	8.27707e-14
331131	7.90974e-14
346737	6.81345e-14
363078	6.51097e-14
380189	6.22242e-14
398107	5.94738e-14
416869	5.1238e-14
436516	4.89803e-14
457088	4.68284e-14
478630	4.47759e-14
501187	3.85703e-14
524807	3.68771e-14
549541	3.52603e-14
575440	3.03723e-14
602560	2.90447e-14
630957	2.77772e-14
660693	2.65708e-14
691831	2.28959e-14
724436	2.19005e-14
758578	2.09515e-14
794328	2.00479e-14
831764	1.72758e-14
870964	1.65344e-14
912011	1.58271e-14
954993	1.36459e-14
1e+06	1.30627e-14
