0.1	2.91557e-17
0.104713	2.89407e-17
0.109648	2.46902e-16
0.114815	8.90337e-16
0.120226	2.24579e-15
0.125893	4.68872e-15
0.131826	8.62075e-15
0.138038	1.45686e-14
0.144544	2.3244e-14
0.151356	3.52091e-14
0.158489	5.16325e-14
0.165959	7.30741e-14
0.17378	1.00895e-13
0.18197	1.37026e-13
0.190546	1.8187e-13
0.199526	2.38906e-13
0.20893	3.07817e-13
0.218776	3.9205e-13
0.229087	4.96216e-13
0.239883	6.18929e-13
0.251189	7.69283e-13
0.263027	9.43114e-13
0.275423	1.14864e-12
0.288403	1.39519e-12
0.301995	1.67646e-12
0.316228	2.01243e-12
0.331131	2.38993e-12
0.346737	2.82649e-12
0.363078	3.33766e-12
0.380189	3.90921e-12
0.398107	4.57725e-12
0.416869	5.31499e-12
0.436516	6.15449e-12
0.457088	7.11705e-12
0.47863	8.18155e-12
0.501187	9.40154e-12
0.524807	1.07383e-11
0.549541	1.22412e-11
0.57544	1.39354e-11
0.60256	1.58009e-11
0.630957	1.79044e-11
0.660693	2.0207e-11
0.691831	2.27734e-11
0.724436	2.5633e-11
0.758578	2.87807e-11
0.794328	3.22893e-11
0.831764	3.61401e-11
0.870964	4.04084e-11
0.912011	4.51343e-11
0.954993	5.03418e-11
1	5.61077e-11
1.04713	6.2455e-11
1.09648	6.94676e-11
1.14815	7.72093e-11
1.20226	8.57445e-11
1.25893	9.51601e-11
1.31826	1.05543e-10
1.38038	1.16987e-10
1.44544	1.296e-10
1.51356	1.43497e-10
1.58489	1.58804e-10
1.65959	1.75661e-10
1.7378	1.9422e-10
1.8197	2.14645e-10
1.90546	2.37125e-10
1.99526	2.61852e-10
2.0893	2.8905e-10
2.18776	3.1896e-10
2.29087	3.51837e-10
2.39883	3.87979e-10
2.51189	4.27695e-10
2.63027	4.71316e-10
2.75423	5.19253e-10
2.88403	5.71882e-10
3.01995	6.29655e-10
3.16228	6.93093e-10
3.31131	7.62687e-10
3.46737	8.39035e-10
3.63078	9.22798e-10
3.80189	1.01461e-09
3.98107	1.11525e-09
4.16869	1.22556e-09
4.36516	1.34633e-09
4.57088	1.47857e-09
4.7863	1.62335e-09
5.01187	1.78164e-09
5.24807	1.95468e-09
5.49541	2.14386e-09
5.7544	2.3503e-09
6.0256	2.57543e-09
6.30957	2.82111e-09
6.60693	3.08852e-09
6.91831	3.37919e-09
7.24436	3.6954e-09
7.58578	4.03842e-09
7.94328	4.40973e-09
8.31764	4.41405e-09
8.70964	4.81195e-09
9.12011	5.24012e-09
9.54993	5.6997e-09
10	6.19337e-09
10.4713	6.72014e-09
10.9648	7.28055e-09
11.4815	7.87672e-09
12.0226	8.50538e-09
12.5893	9.16801e-09
13.1826	9.86161e-09
13.8038	1.05845e-08
14.4544	1.13336e-08
15.1356	1.21064e-08
15.8489	1.28951e-08
16.5959	1.25594e-08
17.378	1.33044e-08
18.197	1.40511e-08
19.0546	1.47958e-08
19.9526	1.55331e-08
20.893	1.62556e-08
21.8776	1.55457e-08
22.9087	1.61672e-08
23.9883	1.67613e-08
25.1189	1.73238e-08
26.3027	1.63703e-08
27.5423	1.68261e-08
28.8403	1.72456e-08
30.1995	1.76262e-08
31.6228	1.64823e-08
33.1131	1.67638e-08
34.6737	1.70096e-08
36.3078	1.72173e-08
38.0189	1.59619e-08
39.8107	1.60953e-08
41.6869	1.61956e-08
43.6516	1.49355e-08
45.7088	1.49794e-08
47.863	1.49961e-08
50.1187	1.37674e-08
52.4807	1.3746e-08
54.9541	1.37038e-08
57.544	1.3648e-08
60.256	1.24648e-08
63.0957	1.23822e-08
66.0693	1.22899e-08
69.1831	1.11898e-08
72.4436	1.10829e-08
75.8578	1.09698e-08
79.4328	1.08474e-08
83.1764	9.84151e-09
87.0964	9.71689e-09
91.2011	9.58679e-09
95.4993	9.45103e-09
100	8.54761e-09
104.713	8.41779e-09
109.648	8.28444e-09
114.815	7.47872e-09
120.226	7.35223e-09
125.893	7.22463e-09
131.826	7.09542e-09
138.038	6.3913e-09
144.544	6.27197e-09
151.356	6.15273e-09
158.489	6.03311e-09
165.959	5.42312e-09
173.78	5.31331e-09
181.97	5.20465e-09
190.546	5.09639e-09
199.526	4.57459e-09
208.93	4.47674e-09
218.776	4.37981e-09
229.087	3.92738e-09
239.883	3.76684e-09
251.189	3.61211e-09
263.027	3.46306e-09
275.423	3.04137e-09
288.403	2.91518e-09
301.995	2.7939e-09
316.228	2.67725e-09
331.131	2.34969e-09
346.737	2.25076e-09
363.078	2.15571e-09
380.189	2.06464e-09
398.107	1.81056e-09
416.869	1.73363e-09
436.516	1.65984e-09
457.088	1.58903e-09
478.63	1.39212e-09
501.187	1.33242e-09
524.807	1.27523e-09
549.541	1.22038e-09
575.44	1.06855e-09
602.56	1.02238e-09
630.957	9.7819e-10
660.693	9.35845e-10
691.831	8.95333e-10
724.436	7.83384e-10
758.578	7.49312e-10
794.328	7.16683e-10
831.764	6.8544e-10
870.964	5.99199e-10
912.011	5.7302e-10
954.993	5.4797e-10
1000	5.24027e-10
1047.13	4.57935e-10
1096.48	4.37836e-10
1148.15	4.18606e-10
1202.26	4.00208e-10
1258.93	3.49499e-10
1318.26	3.34102e-10
1380.38	3.19391e-10
1445.44	3.05338e-10
1513.56	2.66487e-10
1584.89	2.54714e-10
1659.59	2.43457e-10
1737.8	2.32694e-10
1819.7	2.02989e-10
1905.46	1.93988e-10
1995.26	1.85401e-10
2089.3	1.77203e-10
2187.76	1.69368e-10
2290.87	1.4765e-10
2398.83	1.41095e-10
2511.89	1.34831e-10
2630.27	1.28846e-10
2754.23	1.12245e-10
2884.03	1.07256e-10
3019.95	1.02493e-10
3162.28	9.79465e-11
3311.31	8.53017e-11
3467.37	8.15038e-11
3630.78	7.78758e-11
3801.89	7.44103e-11
3981.07	6.47592e-11
4168.69	6.18682e-11
4365.16	5.9113e-11
4570.88	5.64824e-11
4786.3	4.91353e-11
5011.87	4.69424e-11
5248.07	4.48483e-11
5495.41	4.28485e-11
5754.4	4.09389e-11
6025.6	3.55874e-11
6309.57	3.39996e-11
6606.93	3.24844e-11
6918.31	3.10378e-11
7244.36	2.69673e-11
7585.78	2.57622e-11
7943.28	2.46116e-11
8317.64	2.35132e-11
8709.64	2.04171e-11
9120.11	1.95033e-11
9549.93	1.8633e-11
10000	1.78022e-11
10471.3	1.54515e-11
10964.8	1.47606e-11
11481.5	1.4101e-11
12022.6	1.34714e-11
12589.3	1.16852e-11
13182.6	1.11612e-11
13803.8	1.06624e-11
14454.4	1.01865e-11
15135.6	9.73228e-12
15848.9	8.43591e-12
16595.9	8.05851e-12
17378	7.6983e-12
18197	7.35452e-12
19054.6	6.37138e-12
19952.6	6.08615e-12
20893	5.81457e-12
21877.6	5.55535e-12
22908.7	4.8103e-12
23988.3	4.59488e-12
25118.9	4.38936e-12
26302.7	4.19311e-12
27542.3	3.62844e-12
28840.3	3.46546e-12
30199.5	3.31061e-12
31622.8	3.16288e-12
33113.1	2.73581e-12
34673.7	2.61327e-12
36307.8	2.49633e-12
38018.9	2.38481e-12
39810.7	2.06163e-12
41686.9	1.9691e-12
43651.6	1.88104e-12
45708.8	1.79712e-12
47863	1.55282e-12
50118.7	1.48314e-12
52480.7	1.41663e-12
54954.1	1.35324e-12
57544	1.16872e-12
60256	1.1162e-12
63095.7	1.06621e-12
66069.3	1.01868e-12
69183.1	8.79486e-13
72443.6	8.40093e-13
75857.8	8.02514e-13
79432.8	7.66674e-13
83176.4	6.61571e-13
87096.4	6.31828e-13
91201.1	6.03475e-13
95499.3	5.76531e-13
100000	4.9733e-13
104713	4.75064e-13
109648	4.53823e-13
114815	4.33562e-13
120226	3.7387e-13
125893	3.57117e-13
131826	3.41142e-13
138038	3.2596e-13
144544	2.81025e-13
151356	2.68484e-13
158489	2.56502e-13
165959	2.45064e-13
173780	2.11171e-13
181970	2.01713e-13
190546	1.92706e-13
199526	1.84153e-13
208930	1.58675e-13
218776	1.51624e-13
229087	1.44894e-13
239883	1.38472e-13
251189	1.19281e-13
263027	1.13978e-13
275423	1.08924e-13
288403	1.04115e-13
301995	8.96714e-14
316228	8.5702e-14
331131	8.19115e-14
346737	7.82985e-14
363078	6.74278e-14
380189	6.44498e-14
398107	6.1608e-14
416869	5.30701e-14
436516	5.07387e-14
457088	4.85157e-14
478630	4.63952e-14
501187	3.99612e-14
524807	3.82127e-14
549541	3.65423e-14
575440	3.49455e-14
602560	3.01002e-14
630957	2.87903e-14
660693	2.75423e-14
691831	2.37304e-14
724436	2.27017e-14
758578	2.17199e-14
794328	2.07858e-14
831764	1.79087e-14
870964	1.71417e-14
912011	1.64103e-14
954993	1.4147e-14
1e+06	1.35437e-14
