0.1	4.93942e-18
0.104713	4.9314e-18
0.109648	4.21957e-17
0.114815	1.52511e-16
0.120226	3.85778e-16
0.125893	8.04244e-16
0.131826	1.48954e-15
0.138038	2.52536e-15
0.144544	4.04298e-15
0.151356	6.14686e-15
0.158489	9.00529e-15
0.165959	1.28607e-14
0.17378	1.78314e-14
0.18197	2.4336e-14
0.190546	3.24545e-14
0.199526	4.26281e-14
0.20893	5.55267e-14
0.218776	7.10946e-14
0.229087	9.05926e-14
0.239883	1.13663e-13
0.251189	1.41443e-13
0.263027	1.75612e-13
0.275423	2.15239e-13
0.288403	2.63724e-13
0.301995	3.1907e-13
0.316228	3.84074e-13
0.331131	4.62455e-13
0.346737	5.50816e-13
0.363078	6.57167e-13
0.380189	7.75361e-13
0.398107	9.11726e-13
0.416869	1.07335e-12
0.436516	1.2519e-12
0.457088	1.46351e-12
0.47863	1.69426e-12
0.501187	1.95687e-12
0.524807	2.26269e-12
0.549541	2.59635e-12
0.57544	2.9852e-12
0.60256	3.40489e-12
0.630957	3.8774e-12
0.660693	4.41786e-12
0.691831	5.00479e-12
0.724436	5.66202e-12
0.758578	6.4009e-12
0.794328	7.20927e-12
0.831764	8.11919e-12
0.870964	9.1087e-12
0.912011	1.02084e-11
0.954993	1.14304e-11
1	1.27693e-11
1.04713	1.4259e-11
1.09648	1.5886e-11
1.14815	1.76851e-11
1.20226	1.9672e-11
1.25893	2.1854e-11
1.31826	2.42655e-11
1.38038	2.69111e-11
1.44544	2.98284e-11
1.51356	3.30422e-11
1.58489	3.65773e-11
1.65959	4.0472e-11
1.7378	4.47552e-11
1.8197	4.94704e-11
1.90546	5.46597e-11
1.99526	6.03685e-11
2.0893	6.66487e-11
2.18776	7.35565e-11
2.29087	8.11525e-11
2.39883	8.95044e-11
2.51189	9.86864e-11
2.63027	1.08777e-10
2.75423	1.19868e-10
2.88403	1.32053e-10
3.01995	1.45438e-10
3.16228	1.60144e-10
3.31131	1.76291e-10
3.46737	1.94021e-10
3.63078	2.13489e-10
3.80189	2.34855e-10
3.98107	2.58308e-10
4.16869	2.84044e-10
4.36516	3.12271e-10
4.57088	3.43248e-10
4.7863	3.77215e-10
5.01187	4.14449e-10
5.24807	4.5529e-10
5.49541	5.0004e-10
5.7544	5.49062e-10
6.0256	6.02795e-10
6.30957	6.6162e-10
6.60693	7.26002e-10
6.91831	7.96511e-10
7.24436	8.73616e-10
7.58578	9.5789e-10
7.94328	1.05009e-09
8.31764	1.15076e-09
8.70964	1.26061e-09
9.12011	1.38055e-09
9.54993	1.51128e-09
10	1.65359e-09
10.4713	1.8085e-09
10.9648	1.97697e-09
11.4815	2.15974e-09
12.0226	2.35777e-09
12.5893	2.57249e-09
13.1826	2.80435e-09
13.8038	3.05416e-09
14.4544	3.32335e-09
15.1356	3.61236e-09
15.8489	3.92138e-09
16.5959	4.25163e-09
17.378	4.60312e-09
18.197	4.97496e-09
19.0546	5.36874e-09
19.9526	5.78197e-09
20.893	6.21465e-09
21.8776	6.66504e-09
22.9087	6.53956e-09
23.9883	6.97981e-09
25.1189	7.43075e-09
26.3027	7.88801e-09
27.5423	8.35072e-09
28.8403	8.81513e-09
30.1995	9.27685e-09
31.6228	8.92569e-09
33.1131	9.33576e-09
34.6737	9.73471e-09
36.3078	1.01197e-08
38.0189	1.04879e-08
39.8107	9.94166e-09
41.6869	1.02437e-08
43.6516	1.05242e-08
45.7088	1.0783e-08
47.863	1.0114e-08
50.1187	1.03106e-08
52.4807	1.04837e-08
54.9541	1.06366e-08
57.544	9.88665e-09
60.256	9.98781e-09
63.0957	1.0071e-08
66.0693	9.30566e-09
69.1831	9.34786e-09
72.4436	9.37591e-09
75.8578	9.38843e-09
79.4328	8.61902e-09
83.1764	8.6073e-09
87.0964	8.58284e-09
91.2011	7.84783e-09
95.4993	7.80743e-09
100	7.75732e-09
104.713	7.06606e-09
109.648	7.00753e-09
114.815	6.94222e-09
120.226	6.87098e-09
125.893	6.23659e-09
131.826	6.16279e-09
138.038	6.0846e-09
144.544	6.00421e-09
151.356	5.43227e-09
158.489	5.35311e-09
165.959	5.27207e-09
173.78	4.75882e-09
181.97	4.68143e-09
190.546	4.6026e-09
199.526	4.52327e-09
208.93	4.07389e-09
218.776	4.00017e-09
229.087	3.92593e-09
239.883	3.85175e-09
251.189	3.4625e-09
263.027	3.32754e-09
275.423	3.19685e-09
288.403	2.81277e-09
301.995	2.70121e-09
316.228	2.59354e-09
331.131	2.48955e-09
346.737	2.1883e-09
363.078	2.09948e-09
380.189	2.01412e-09
398.107	1.93185e-09
416.869	1.69626e-09
436.516	1.62637e-09
457.088	1.55914e-09
478.63	1.49458e-09
501.187	1.31089e-09
524.807	1.25617e-09
549.541	1.20356e-09
575.44	1.15301e-09
602.56	1.01046e-09
630.957	9.67847e-10
660.693	9.26987e-10
691.831	8.87757e-10
724.436	7.77472e-10
758.578	7.44338e-10
794.328	7.12553e-10
831.764	6.82093e-10
870.964	5.96784e-10
912.011	5.71183e-10
954.993	5.46672e-10
1000	5.23178e-10
1047.13	4.5751e-10
1096.48	4.37736e-10
1148.15	4.18806e-10
1202.26	4.00695e-10
1258.93	3.83348e-10
1318.26	3.34948e-10
1380.38	3.20411e-10
1445.44	3.06492e-10
1513.56	2.93168e-10
1584.89	2.55953e-10
1659.59	2.44788e-10
1737.8	2.34105e-10
1819.7	2.23882e-10
1905.46	1.95369e-10
1995.26	1.8682e-10
2089.3	1.78645e-10
2187.76	1.70824e-10
2290.87	1.4898e-10
2398.83	1.42436e-10
2511.89	1.36178e-10
2630.27	1.30195e-10
2754.23	1.13467e-10
2884.03	1.08467e-10
3019.95	1.03694e-10
3162.28	9.91312e-11
3311.31	8.63614e-11
3467.37	8.25485e-11
3630.78	7.89057e-11
3801.89	7.54238e-11
3981.07	7.2096e-11
4168.69	6.27535e-11
4365.16	5.99807e-11
4570.88	5.73312e-11
4786.3	5.47995e-11
5011.87	4.76741e-11
5248.07	4.55628e-11
5495.41	4.35455e-11
5754.4	4.16184e-11
6025.6	3.61879e-11
6309.57	3.45827e-11
6606.93	3.30516e-11
6918.31	3.15889e-11
7244.36	2.74516e-11
7585.78	2.62317e-11
7943.28	2.50671e-11
8317.64	2.3955e-11
8709.64	2.08053e-11
9120.11	1.98788e-11
9549.93	1.89968e-11
10000	1.81544e-11
10471.3	1.57603e-11
10964.8	1.50586e-11
11481.5	1.43889e-11
12022.6	1.37497e-11
12589.3	1.31393e-11
13182.6	1.13966e-11
13803.8	1.08894e-11
14454.4	1.04057e-11
15135.6	9.94385e-12
15848.9	8.62065e-12
16595.9	8.2364e-12
17378	7.86976e-12
18197	7.51986e-12
19054.6	6.51553e-12
19952.6	6.22489e-12
20893	5.94828e-12
21877.6	5.6842e-12
22908.7	4.92249e-12
23988.3	4.70293e-12
25118.9	4.49331e-12
26302.7	4.29311e-12
27542.3	3.7154e-12
28840.3	3.54913e-12
30199.5	3.39101e-12
31622.8	3.24025e-12
33113.1	2.803e-12
34673.7	2.67787e-12
36307.8	2.55846e-12
38018.9	2.44447e-12
39810.7	2.1134e-12
41686.9	2.01886e-12
43651.6	1.92881e-12
45708.8	1.84304e-12
47863	1.59262e-12
50118.7	1.52139e-12
52480.7	1.45337e-12
54954.1	1.38851e-12
57544	1.32668e-12
60256	1.14551e-12
63095.7	1.09431e-12
66069.3	1.04567e-12
69183.1	9.99238e-13
72443.6	8.62512e-13
75857.8	8.24033e-13
79432.8	7.87332e-13
83176.4	7.52291e-13
87096.4	6.48958e-13
91201.1	6.19911e-13
95499.3	5.92289e-13
100000	5.65961e-13
104713	4.88114e-13
109648	4.66346e-13
114815	4.45572e-13
120226	4.25785e-13
125893	3.67055e-13
131826	3.50674e-13
138038	3.35093e-13
144544	2.88904e-13
151356	2.76042e-13
158489	2.63758e-13
165959	2.52017e-13
173780	2.17164e-13
181970	2.07456e-13
190546	1.98211e-13
199526	1.89427e-13
208930	1.63219e-13
218776	1.55979e-13
229087	1.49071e-13
239883	1.42478e-13
251189	1.2273e-13
263027	1.17283e-13
275423	1.12093e-13
288403	1.0715e-13
301995	9.22862e-14
316228	8.82081e-14
331131	8.43143e-14
346737	8.06008e-14
363078	6.94083e-14
380189	6.63487e-14
398107	6.3428e-14
416869	5.46349e-14
436516	5.22391e-14
457088	4.99537e-14
478630	4.77741e-14
501187	4.11481e-14
524807	3.93501e-14
549541	3.76329e-14
575440	3.59911e-14
602560	3.0999e-14
630957	2.96523e-14
660693	2.83684e-14
691831	2.44412e-14
724436	2.33831e-14
758578	2.23734e-14
794328	2.14123e-14
831764	1.84479e-14
870964	1.76583e-14
912011	1.69058e-14
954993	1.45737e-14
1e+06	1.39528e-14
