0.1	3.92045e-15
0.104713	3.82749e-15
0.109648	3.20712e-14
0.114815	1.13516e-13
0.120226	2.81128e-13
0.125893	5.75307e-13
0.131826	1.03686e-12
0.138038	1.71775e-12
0.144544	2.67863e-12
0.151356	3.97224e-12
0.158489	5.68683e-12
0.165959	7.87093e-12
0.17378	1.06293e-11
0.18197	1.40672e-11
0.190546	1.82513e-11
0.199526	2.33507e-11
0.20893	2.94063e-11
0.218776	3.66127e-11
0.229087	4.513e-11
0.239883	5.50556e-11
0.251189	6.66643e-11
0.263027	8.00159e-11
0.275423	9.5427e-11
0.288403	1.13137e-10
0.301995	1.33333e-10
0.316228	1.56411e-10
0.331131	1.82546e-10
0.346737	2.12196e-10
0.363078	2.45743e-10
0.380189	2.83561e-10
0.398107	3.26171e-10
0.416869	3.74076e-10
0.436516	4.27847e-10
0.457088	4.88127e-10
0.47863	5.55599e-10
0.501187	6.31033e-10
0.524807	7.15275e-10
0.549541	8.09243e-10
0.57544	9.13935e-10
0.60256	1.03051e-09
0.630957	1.16013e-09
0.660693	1.30416e-09
0.691831	1.4641e-09
0.724436	1.64149e-09
0.758578	1.83816e-09
0.794328	2.05601e-09
0.831764	2.2971e-09
0.870964	2.56387e-09
0.912011	2.85874e-09
0.954993	3.18437e-09
1	3.54408e-09
1.04713	3.94083e-09
1.09648	4.37815e-09
1.14815	4.86031e-09
1.20226	5.39101e-09
1.25893	5.97483e-09
1.31826	6.61718e-09
1.38038	7.32259e-09
1.44544	8.09677e-09
1.51356	8.94661e-09
1.58489	9.87735e-09
1.65959	1.08957e-08
1.7378	1.20104e-08
1.8197	1.3227e-08
1.90546	1.45525e-08
1.99526	1.59984e-08
2.0893	1.7569e-08
2.18776	1.92712e-08
2.29087	2.11175e-08
2.39883	2.31111e-08
2.51189	2.52564e-08
2.63027	2.75677e-08
2.75423	3.00391e-08
2.88403	3.26755e-08
3.01995	3.54822e-08
3.16228	3.84445e-08
3.31131	4.15774e-08
3.46737	4.48474e-08
3.63078	4.82719e-08
3.80189	4.74455e-08
3.98107	5.07893e-08
4.16869	5.41999e-08
4.36516	5.76571e-08
4.57088	6.11597e-08
4.7863	6.46595e-08
5.01187	6.81306e-08
5.24807	6.55105e-08
5.49541	6.8567e-08
5.7544	7.15279e-08
6.0256	7.43708e-08
6.30957	7.05773e-08
6.60693	7.29143e-08
6.91831	7.50919e-08
7.24436	7.70969e-08
7.58578	7.22949e-08
7.94328	7.38226e-08
8.31764	7.51924e-08
8.70964	7.63822e-08
9.12011	7.09177e-08
9.54993	7.17252e-08
10	7.23721e-08
10.4713	6.67831e-08
10.9648	6.71368e-08
11.4815	6.73612e-08
12.0226	6.74638e-08
12.5893	6.18585e-08
13.1826	6.17681e-08
13.8038	6.1584e-08
14.4544	5.6243e-08
15.1356	5.59405e-08
15.8489	5.55675e-08
16.5959	5.51458e-08
17.378	5.0145e-08
18.197	4.96518e-08
19.0546	4.91293e-08
19.9526	4.45628e-08
20.893	4.40134e-08
21.8776	4.34408e-08
22.9087	4.28434e-08
23.9883	3.87558e-08
25.1189	3.81661e-08
26.3027	3.75682e-08
27.5423	3.39278e-08
28.8403	3.33557e-08
30.1995	3.27751e-08
31.6228	3.2192e-08
33.1131	2.90224e-08
34.6737	2.84767e-08
36.3078	2.79272e-08
38.0189	2.7381e-08
39.8107	2.46491e-08
41.6869	2.41487e-08
43.6516	2.36485e-08
45.7088	2.31516e-08
47.863	2.08129e-08
50.1187	2.03634e-08
52.4807	1.99166e-08
54.9541	1.94732e-08
57.544	1.74865e-08
60.256	1.70916e-08
63.0957	1.67007e-08
66.0693	1.63142e-08
69.1831	1.46344e-08
72.4436	1.42886e-08
75.8578	1.3949e-08
79.4328	1.36149e-08
83.1764	1.21989e-08
87.0964	1.19026e-08
91.2011	1.16111e-08
95.4993	1.13245e-08
100	1.01383e-08
104.713	9.88558e-09
109.648	9.63748e-09
114.815	9.39403e-09
120.226	8.40309e-09
125.893	8.18887e-09
131.826	7.97895e-09
138.038	7.77397e-09
144.544	6.94712e-09
151.356	6.76681e-09
158.489	6.59036e-09
165.959	6.41775e-09
173.78	5.73148e-09
181.97	5.58043e-09
190.546	5.43296e-09
199.526	5.2892e-09
208.93	4.72086e-09
218.776	4.51192e-09
229.087	4.31195e-09
239.883	4.1206e-09
251.189	3.60838e-09
263.027	3.44796e-09
275.423	3.29462e-09
288.403	3.14812e-09
301.995	2.75605e-09
316.228	2.63307e-09
331.131	2.51548e-09
346.737	2.40304e-09
363.078	2.29553e-09
380.189	2.00843e-09
398.107	1.91849e-09
416.869	1.83264e-09
436.516	1.75059e-09
457.088	1.53068e-09
478.63	1.46194e-09
501.187	1.39626e-09
524.807	1.33349e-09
549.541	1.16553e-09
575.44	1.1131e-09
602.56	1.06301e-09
630.957	1.01523e-09
660.693	8.87053e-10
691.831	8.47065e-10
724.436	8.08872e-10
758.578	7.72393e-10
794.328	6.74397e-10
831.764	6.43924e-10
870.964	6.14869e-10
912.011	5.87122e-10
954.993	5.6065e-10
1000	4.89362e-10
1047.13	4.67246e-10
1096.48	4.46129e-10
1148.15	4.25967e-10
1202.26	3.71611e-10
1258.93	3.54803e-10
1318.26	3.38765e-10
1380.38	3.23455e-10
1445.44	2.82029e-10
1513.56	2.69263e-10
1584.89	2.57077e-10
1659.59	2.45445e-10
1737.8	2.34342e-10
1819.7	2.04239e-10
1905.46	1.94999e-10
1995.26	1.86181e-10
2089.3	1.77764e-10
2187.76	1.54856e-10
2290.87	1.47838e-10
2398.83	1.41144e-10
2511.89	1.34756e-10
2630.27	1.17325e-10
2754.23	1.12009e-10
2884.03	1.06942e-10
3019.95	1.02106e-10
3162.28	8.88746e-11
3311.31	8.48443e-11
3467.37	8.09988e-11
3630.78	7.7333e-11
3801.89	7.38355e-11
3981.07	6.42195e-11
4168.69	6.13137e-11
4365.16	5.85414e-11
4570.88	5.58962e-11
4786.3	4.85966e-11
5011.87	4.63941e-11
5248.07	4.42927e-11
5495.41	4.22886e-11
5754.4	3.67499e-11
6025.6	3.50853e-11
6309.57	3.35e-11
6606.93	3.19875e-11
6918.31	2.77848e-11
7244.36	2.65261e-11
7585.78	2.53245e-11
7943.28	2.41787e-11
8317.64	2.09903e-11
8709.64	2.00379e-11
9120.11	1.91325e-11
9549.93	1.8269e-11
10000	1.74453e-11
10471.3	1.51366e-11
10964.8	1.44517e-11
11481.5	1.37984e-11
12022.6	1.31752e-11
12589.3	1.14245e-11
13182.6	1.09073e-11
13803.8	1.0415e-11
14454.4	9.94557e-12
15135.6	8.62056e-12
15848.9	8.23054e-12
16595.9	7.85853e-12
17378	7.50367e-12
18197	6.50041e-12
19054.6	6.20587e-12
19952.6	5.92587e-12
20893	5.65906e-12
21877.6	4.90038e-12
22908.7	4.67885e-12
23988.3	4.46753e-12
25118.9	4.26577e-12
26302.7	4.07336e-12
27542.3	3.52413e-12
28840.3	3.36478e-12
30199.5	3.21317e-12
31622.8	3.06862e-12
33113.1	2.65398e-12
34673.7	2.53421e-12
36307.8	2.41993e-12
38018.9	2.31095e-12
39810.7	1.99752e-12
41686.9	1.90719e-12
43651.6	1.82136e-12
45708.8	1.73941e-12
47863	1.50286e-12
50118.7	1.43495e-12
52480.7	1.37018e-12
54954.1	1.30845e-12
57544	1.12994e-12
60256	1.07881e-12
63095.7	1.03028e-12
66069.3	9.84014e-13
69183.1	8.49519e-13
72443.6	8.11224e-13
75857.8	7.74717e-13
79432.8	7.39898e-13
83176.4	6.38437e-13
87096.4	6.09545e-13
91201.1	5.82063e-13
95499.3	5.5591e-13
100000	4.7955e-13
104713	4.57959e-13
109648	4.37358e-13
114815	4.17742e-13
120226	3.60225e-13
125893	3.43988e-13
131826	3.28525e-13
138038	3.13842e-13
144544	2.70586e-13
151356	2.58436e-13
158489	2.46833e-13
165959	2.35776e-13
173780	2.03174e-13
181970	1.94031e-13
190546	1.85328e-13
199526	1.77072e-13
208930	1.52586e-13
218776	1.45772e-13
229087	1.39268e-13
239883	1.33069e-13
251189	1.14634e-13
263027	1.09515e-13
275423	1.04634e-13
288403	9.01576e-14
301995	8.61355e-14
316228	8.23038e-14
331131	7.86466e-14
346737	6.77497e-14
363078	6.47382e-14
380189	6.18644e-14
398107	5.91277e-14
416869	5.09434e-14
436516	4.86958e-14
457088	4.65539e-14
478630	4.45109e-14
501187	3.83442e-14
524807	3.66584e-14
549541	3.50485e-14
575440	3.01931e-14
602560	2.88715e-14
630957	2.76101e-14
660693	2.641e-14
691831	2.27588e-14
724436	2.17679e-14
758578	2.0824e-14
794328	1.7949e-14
831764	1.71715e-14
870964	1.64338e-14
912011	1.57301e-14
954993	1.35633e-14
1e+06	1.29829e-14
