0.1	1.63926e-19
0.104713	1.63551e-19
0.109648	1.40499e-18
0.114815	5.08589e-18
0.120226	1.2906e-17
0.125893	2.70626e-17
0.131826	5.0101e-17
0.138038	8.52616e-17
0.144544	1.36826e-16
0.151356	2.08924e-16
0.158489	3.08393e-16
0.165959	4.40471e-16
0.17378	6.13805e-16
0.18197	8.40785e-16
0.190546	1.12777e-15
0.199526	1.49569e-15
0.20893	1.95033e-15
0.218776	2.514e-15
0.229087	3.22099e-15
0.239883	4.07239e-15
0.251189	5.13025e-15
0.263027	6.38594e-15
0.275423	7.8963e-15
0.288403	9.75135e-15
0.301995	1.19161e-14
0.316228	1.45636e-14
0.331131	1.76181e-14
0.346737	2.12211e-14
0.363078	2.55946e-14
0.380189	3.05765e-14
0.398107	3.66155e-14
0.416869	4.34222e-14
0.436516	5.13379e-14
0.457088	6.08687e-14
0.47863	7.15072e-14
0.501187	8.43222e-14
0.524807	9.84731e-14
0.549541	1.14743e-13
0.57544	1.3418e-13
0.60256	1.55505e-13
0.630957	1.81021e-13
0.660693	2.08701e-13
0.691831	2.40219e-13
0.724436	2.77496e-13
0.758578	3.17844e-13
0.794328	3.6567e-13
0.831764	4.16854e-13
0.870964	4.74646e-13
0.912011	5.4206e-13
0.954993	6.14451e-13
1	6.99093e-13
1.04713	7.89052e-13
1.09648	8.89868e-13
1.14815	1.00549e-12
1.20226	1.12949e-12
1.25893	1.27199e-12
1.31826	1.42359e-12
1.38038	1.59235e-12
1.44544	1.78261e-12
1.51356	1.98748e-12
1.58489	2.21887e-12
1.65959	2.46678e-12
1.7378	2.7412e-12
1.8197	3.04638e-12
1.90546	3.37726e-12
1.99526	3.74577e-12
2.0893	4.14437e-12
2.18776	4.58387e-12
2.29087	5.06866e-12
2.39883	5.59776e-12
2.51189	6.18194e-12
2.63027	6.81924e-12
2.75423	7.5203e-12
2.88403	8.29108e-12
3.01995	9.13593e-12
3.16228	1.00651e-11
3.31131	1.10838e-11
3.46737	1.2203e-11
3.63078	1.34325e-11
3.80189	1.47822e-11
3.98107	1.62643e-11
4.16869	1.78919e-11
4.36516	1.96787e-11
4.57088	2.16405e-11
4.7863	2.37941e-11
5.01187	2.61579e-11
5.24807	2.87527e-11
5.49541	3.16003e-11
5.7544	3.47251e-11
6.0256	3.81544e-11
6.30957	4.19166e-11
6.60693	4.60444e-11
6.91831	5.0573e-11
7.24436	5.55396e-11
7.58578	6.09885e-11
7.94328	6.69638e-11
8.31764	7.35159e-11
8.70964	8.07023e-11
9.12011	8.85801e-11
9.54993	9.72168e-11
10	1.06686e-10
10.4713	1.17062e-10
10.9648	1.28435e-10
11.4815	1.40899e-10
12.0226	1.5455e-10
12.5893	1.69509e-10
13.1826	1.85892e-10
13.8038	2.03825e-10
14.4544	2.23468e-10
15.1356	2.44966e-10
15.8489	2.68481e-10
16.5959	2.94218e-10
17.378	3.22361e-10
18.197	3.53111e-10
19.0546	3.86727e-10
19.9526	4.23447e-10
20.893	4.63512e-10
21.8776	5.07223e-10
22.9087	5.54907e-10
23.9883	6.06828e-10
25.1189	6.63304e-10
26.3027	7.248e-10
27.5423	7.91568e-10
28.8403	8.63953e-10
30.1995	9.42401e-10
31.6228	1.02731e-09
33.1131	1.11893e-09
34.6737	1.21758e-09
36.3078	1.32387e-09
38.0189	1.43779e-09
39.8107	1.55949e-09
41.6869	1.68957e-09
43.6516	1.82774e-09
45.7088	1.81153e-09
47.863	1.95339e-09
50.1187	2.10213e-09
52.4807	2.25778e-09
54.9541	2.41964e-09
57.544	2.58723e-09
60.256	2.75929e-09
63.0957	2.93587e-09
66.0693	3.11485e-09
69.1831	3.02391e-09
72.4436	3.19054e-09
75.8578	3.35621e-09
79.4328	3.51981e-09
83.1764	3.68018e-09
87.0964	3.8362e-09
91.2011	3.65932e-09
95.4993	3.79204e-09
100	3.9179e-09
104.713	4.03609e-09
109.648	3.80629e-09
114.815	3.90047e-09
120.226	3.98619e-09
125.893	4.06308e-09
131.826	3.79164e-09
138.038	3.84771e-09
144.544	3.89546e-09
151.356	3.61137e-09
158.489	3.64195e-09
165.959	3.66543e-09
173.78	3.68341e-09
181.97	3.38887e-09
190.546	3.39419e-09
199.526	3.39487e-09
208.93	3.10768e-09
218.776	3.09953e-09
229.087	3.08761e-09
239.883	3.07167e-09
251.189	2.79818e-09
263.027	2.77828e-09
275.423	2.75544e-09
288.403	2.44877e-09
301.995	2.37301e-09
316.228	2.29766e-09
331.131	2.22347e-09
346.737	1.96904e-09
363.078	1.903e-09
380.189	1.8382e-09
398.107	1.62498e-09
416.869	1.56794e-09
436.516	1.51209e-09
457.088	1.4578e-09
478.63	1.28582e-09
501.187	1.23861e-09
524.807	1.19263e-09
549.541	1.14815e-09
575.44	1.01066e-09
602.56	9.72176e-10
630.957	9.34847e-10
660.693	8.22048e-10
691.831	7.90122e-10
724.436	7.59268e-10
758.578	7.2943e-10
794.328	6.40547e-10
831.764	6.15103e-10
870.964	5.90541e-10
912.011	5.66843e-10
954.993	4.97046e-10
1000	4.76917e-10
1047.13	4.57586e-10
1096.48	4.38966e-10
1148.15	3.8461e-10
1202.26	3.68798e-10
1258.93	3.53587e-10
1318.26	3.38987e-10
1380.38	2.96717e-10
1445.44	2.84392e-10
1513.56	2.72556e-10
1584.89	2.61186e-10
1659.59	2.28379e-10
1737.8	2.18791e-10
1819.7	2.09593e-10
1905.46	2.00765e-10
1995.26	1.75428e-10
2089.3	1.68003e-10
2187.76	1.60887e-10
2290.87	1.54066e-10
2398.83	1.34527e-10
2511.89	1.28793e-10
2630.27	1.23296e-10
2754.23	1.18029e-10
2884.03	1.02965e-10
3019.95	9.85464e-11
3162.28	9.43224e-11
3311.31	9.02814e-11
3467.37	7.87226e-11
3630.78	7.53305e-11
3801.89	7.20825e-11
3981.07	6.8973e-11
4168.69	6.00908e-11
4365.16	5.74852e-11
4570.88	5.5001e-11
4786.3	5.26241e-11
5011.87	4.58214e-11
5248.07	4.38308e-11
5495.41	4.19263e-11
5754.4	4.01044e-11
6025.6	3.83617e-11
6309.57	3.33729e-11
6606.93	3.19216e-11
6918.31	3.05339e-11
7244.36	2.92066e-11
7585.78	2.53933e-11
7943.28	2.42833e-11
8317.64	2.32221e-11
8709.64	2.22076e-11
9120.11	1.92944e-11
9549.93	1.84499e-11
10000	1.76439e-11
10471.3	1.68735e-11
10964.8	1.46531e-11
11481.5	1.40102e-11
12022.6	1.33957e-11
12589.3	1.28085e-11
13182.6	1.11147e-11
13803.8	1.06256e-11
14454.4	1.01595e-11
15135.6	9.71416e-12
15848.9	8.42533e-12
16595.9	8.05423e-12
17378	7.69969e-12
18197	7.36097e-12
19054.6	6.38017e-12
19952.6	6.0983e-12
20893	5.83002e-12
21877.6	5.57396e-12
22908.7	4.8288e-12
23988.3	4.61563e-12
25118.9	4.41198e-12
26302.7	4.21729e-12
27542.3	4.03136e-12
28840.3	3.48892e-12
30199.5	3.33466e-12
31622.8	3.18776e-12
33113.1	3.04745e-12
34673.7	2.63633e-12
36307.8	2.51981e-12
38018.9	2.40851e-12
39810.7	2.30224e-12
41686.9	1.99033e-12
43651.6	1.90211e-12
45708.8	1.81823e-12
47863	1.73803e-12
50118.7	1.50183e-12
52480.7	1.43521e-12
54954.1	1.37163e-12
57544	1.31097e-12
60256	1.13216e-12
63095.7	1.08184e-12
66069.3	1.03406e-12
69183.1	9.88466e-13
72443.6	8.53364e-13
75857.8	8.15544e-13
79432.8	7.79463e-13
83176.4	7.45011e-13
87096.4	6.42784e-13
91201.1	6.14169e-13
95499.3	5.86942e-13
100000	5.61004e-13
104713	4.83894e-13
109648	4.62447e-13
114815	4.41963e-13
120226	4.22448e-13
125893	3.64218e-13
131826	3.48045e-13
138038	3.32646e-13
144544	3.18004e-13
151356	2.74121e-13
158489	2.6199e-13
165959	2.5039e-13
173780	2.3933e-13
181970	2.06181e-13
190546	1.97033e-13
199526	1.8833e-13
208930	1.80055e-13
218776	1.55118e-13
229087	1.48283e-13
239883	1.41755e-13
251189	1.22114e-13
263027	1.16717e-13
275423	1.11572e-13
288403	1.0667e-13
301995	9.18785e-14
316228	8.78333e-14
331131	8.3974e-14
346737	8.02897e-14
363078	6.91406e-14
380189	6.61047e-14
398107	6.32055e-14
416869	6.04501e-14
436516	5.20618e-14
457088	4.97929e-14
478630	4.76287e-14
501187	4.10225e-14
524807	3.9236e-14
549541	3.75304e-14
575440	3.59001e-14
602560	3.09172e-14
630957	2.95791e-14
660693	2.83022e-14
691831	2.70862e-14
724436	2.33313e-14
758578	2.23267e-14
794328	2.13705e-14
831764	1.84115e-14
870964	1.76245e-14
912011	1.68759e-14
954993	1.61616e-14
1e+06	1.3929e-14
